Case #1: 1
1 1 1
Case #2: 4
1 1 1
1 2 1
1 1 2
1 2 2
Case #3: 2
1 1 1
1 1 2
Case #4: 2
1 1 1
1 2 2
Case #5: 27
1 1 1
2 1 1
3 1 1
1 2 1
2 2 1
3 2 1
1 3 1
2 3 1
3 3 1
1 1 2
2 1 2
3 1 2
1 2 2
2 2 2
3 2 2
1 3 2
2 3 2
3 3 2
1 1 3
2 1 3
3 1 3
1 2 3
2 2 3
3 2 3
1 3 3
2 3 3
3 3 3
Case #6: 4
1 1 1
1 2 1
1 1 2
1 2 2
Case #7: 8
1 1 1
2 1 1
1 2 1
2 2 1
1 1 2
2 1 2
1 2 2
2 2 2
Case #8: 27
1 1 1
2 1 1
3 1 1
1 2 1
2 2 1
3 2 1
1 3 1
2 3 1
3 3 1
1 1 2
2 1 2
3 1 2
1 2 2
2 2 2
3 2 2
1 3 2
2 3 2
3 3 2
1 1 3
2 1 3
3 1 3
1 2 3
2 2 3
3 2 3
1 3 3
2 3 3
3 3 3
Case #9: 3
1 1 1
1 1 2
1 1 3
Case #10: 27
1 1 1
2 1 1
3 1 1
1 2 1
2 2 1
3 2 1
1 3 1
2 3 1
3 3 1
1 1 2
2 1 2
3 1 2
1 2 2
2 2 2
3 2 2
1 3 2
2 3 2
3 3 2
1 1 3
2 1 3
3 1 3
1 2 3
2 2 3
3 2 3
1 3 3
2 3 3
3 3 3
Case #11: 27
1 1 1
2 1 1
3 1 1
1 2 1
2 2 1
3 2 1
1 3 1
2 3 1
3 3 1
1 1 2
2 1 2
3 1 2
1 2 2
2 2 2
3 2 2
1 3 2
2 3 2
3 3 2
1 1 3
2 1 3
3 1 3
1 2 3
2 2 3
3 2 3
1 3 3
2 3 3
3 3 3
Case #12: 6
1 1 1
1 2 1
1 1 2
1 2 2
1 1 3
1 2 3
Case #13: 9
1 1 1
1 2 1
1 3 1
1 1 2
1 2 2
1 3 2
1 1 3
1 2 3
1 3 3
Case #14: 3
1 1 1
1 1 2
1 1 3
Case #15: 1
1 1 1
Case #16: 2
1 1 1
1 1 2
Case #17: 3
1 1 1
1 1 2
1 1 3
Case #18: 1
1 1 1
Case #19: 12
1 1 1
2 1 1
1 2 1
2 2 1
1 1 2
2 1 2
1 2 2
2 2 2
1 1 3
2 1 3
1 2 3
2 2 3
Case #20: 1
1 1 1
Case #21: 4
1 1 1
1 2 1
1 1 2
1 2 2
Case #22: 2
1 1 1
1 1 2
Case #23: 4
1 1 1
1 2 1
1 1 2
1 2 2
Case #24: 9
1 1 1
1 2 1
1 3 1
1 1 2
1 2 2
1 3 2
1 1 3
1 2 3
1 3 3
Case #25: 6
1 1 1
1 2 1
1 1 2
1 2 2
1 1 3
1 2 3
Case #26: 3
1 1 1
1 1 2
1 1 3
Case #27: 2
1 1 1
1 1 2
Case #28: 27
1 1 1
2 1 1
3 1 1
1 2 1
2 2 1
3 2 1
1 3 1
2 3 1
3 3 1
1 1 2
2 1 2
3 1 2
1 2 2
2 2 2
3 2 2
1 3 2
2 3 2
3 3 2
1 1 3
2 1 3
3 1 3
1 2 3
2 2 3
3 2 3
1 3 3
2 3 3
3 3 3
Case #29: 4
1 1 1
2 2 1
2 1 2
1 2 2
Case #30: 6
1 1 1
1 2 1
1 1 2
1 2 2
1 1 3
1 2 3
Case #31: 6
1 1 1
1 2 1
1 1 2
1 2 2
1 1 3
1 2 3
Case #32: 12
1 1 1
2 1 1
1 2 1
2 2 1
1 1 2
2 1 2
1 2 2
2 2 2
1 1 3
2 1 3
1 2 3
2 2 3
Case #33: 18
1 1 1
2 1 1
1 2 1
2 2 1
1 3 1
2 3 1
1 1 2
2 1 2
1 2 2
2 2 2
1 3 2
2 3 2
1 1 3
2 1 3
1 2 3
2 2 3
1 3 3
2 3 3
Case #34: 27
1 1 1
2 1 1
3 1 1
1 2 1
2 2 1
3 2 1
1 3 1
2 3 1
3 3 1
1 1 2
2 1 2
3 1 2
1 2 2
2 2 2
3 2 2
1 3 2
2 3 2
3 3 2
1 1 3
2 1 3
3 1 3
1 2 3
2 2 3
3 2 3
1 3 3
2 3 3
3 3 3
Case #35: 12
1 1 1
2 1 1
1 2 1
2 2 1
1 1 2
2 1 2
1 2 2
2 2 2
1 1 3
2 1 3
1 2 3
2 2 3
Case #36: 1
1 1 1
Case #37: 18
1 1 1
2 1 1
1 2 1
2 2 1
1 3 1
2 3 1
1 1 2
2 1 2
1 2 2
2 2 2
1 3 2
2 3 2
1 1 3
2 1 3
1 2 3
2 2 3
1 3 3
2 3 3
Case #38: 12
1 1 1
2 1 1
1 2 1
2 2 1
1 1 2
2 1 2
1 2 2
2 2 2
1 1 3
2 1 3
1 2 3
2 2 3
Case #39: 4
1 1 1
1 2 1
1 1 2
1 2 2
Case #40: 3
1 1 1
1 1 2
1 1 3
Case #41: 3
1 1 1
1 2 2
1 3 3
Case #42: 6
1 1 1
1 2 1
1 1 2
1 2 2
1 1 3
1 2 3
Case #43: 2
1 1 1
1 1 2
Case #44: 9
1 1 1
1 2 1
1 3 1
1 1 2
1 2 2
1 3 2
1 1 3
1 2 3
1 3 3
Case #45: 12
1 1 1
2 1 1
1 2 1
2 2 1
1 1 2
2 1 2
1 2 2
2 2 2
1 1 3
2 1 3
1 2 3
2 2 3
Case #46: 12
1 1 1
2 1 1
1 2 1
2 2 1
1 1 2
2 1 2
1 2 2
2 2 2
1 1 3
2 1 3
1 2 3
2 2 3
Case #47: 9
1 1 1
1 2 1
1 3 1
1 1 2
1 2 2
1 3 2
1 1 3
1 2 3
1 3 3
Case #48: 1
1 1 1
Case #49: 1
1 1 1
Case #50: 4
1 1 1
1 2 1
1 1 2
1 2 2
Case #51: 2
1 1 1
1 1 2
Case #52: 18
1 1 1
2 1 1
1 2 1
2 2 1
1 3 1
2 3 1
1 1 2
2 1 2
1 2 2
2 2 2
1 3 2
2 3 2
1 1 3
2 1 3
1 2 3
2 2 3
1 3 3
2 3 3
Case #53: 1
1 1 1
Case #54: 27
1 1 1
2 1 1
3 1 1
1 2 1
2 2 1
3 2 1
1 3 1
2 3 1
3 3 1
1 1 2
2 1 2
3 1 2
1 2 2
2 2 2
3 2 2
1 3 2
2 3 2
3 3 2
1 1 3
2 1 3
3 1 3
1 2 3
2 2 3
3 2 3
1 3 3
2 3 3
3 3 3
Case #55: 6
1 1 1
1 2 1
1 1 2
1 2 2
1 1 3
1 2 3
Case #56: 12
1 1 1
2 1 1
1 2 1
2 2 1
1 1 2
2 1 2
1 2 2
2 2 2
1 1 3
2 1 3
1 2 3
2 2 3
Case #57: 5
1 1 1
1 2 1
1 1 2
1 2 2
1 3 3
Case #58: 18
1 1 1
2 1 1
1 2 1
2 2 1
1 3 1
2 3 1
1 1 2
2 1 2
1 2 2
2 2 2
1 3 2
2 3 2
1 1 3
2 1 3
1 2 3
2 2 3
1 3 3
2 3 3
Case #59: 3
1 1 1
1 1 2
1 1 3
Case #60: 2
1 1 1
1 1 2
Case #61: 6
1 1 1
1 2 1
1 1 2
1 2 2
1 1 3
1 2 3
Case #62: 14
1 1 1
2 1 1
1 2 1
2 2 1
3 3 1
1 1 2
2 1 2
1 2 2
2 2 2
3 3 2
3 1 3
3 2 3
1 3 3
2 3 3
Case #63: 6
1 1 1
1 2 1
1 1 2
1 2 2
1 1 3
1 2 3
Case #64: 9
1 1 1
1 2 1
1 3 1
1 1 2
1 2 2
1 3 2
1 1 3
1 2 3
1 3 3
Case #65: 2
1 1 1
1 1 2
Case #66: 8
1 1 1
2 1 1
1 2 1
2 2 1
1 1 2
2 1 2
1 2 2
2 2 2
Case #67: 9
1 1 1
1 2 1
1 3 1
1 1 2
1 2 2
1 3 2
1 1 3
1 2 3
1 3 3
Case #68: 4
1 1 1
1 2 1
1 1 2
1 2 2
Case #69: 8
1 1 1
2 1 1
1 2 1
2 2 1
1 1 2
2 1 2
1 2 2
2 2 2
Case #70: 8
1 1 1
2 1 1
1 2 1
2 2 1
1 1 2
2 1 2
1 2 2
2 2 2
Case #71: 1
1 1 1
Case #72: 8
1 1 1
2 1 1
1 2 1
2 2 1
1 1 2
2 1 2
1 2 2
2 2 2
Case #73: 1
1 1 1
Case #74: 27
1 1 1
2 1 1
3 1 1
1 2 1
2 2 1
3 2 1
1 3 1
2 3 1
3 3 1
1 1 2
2 1 2
3 1 2
1 2 2
2 2 2
3 2 2
1 3 2
2 3 2
3 3 2
1 1 3
2 1 3
3 1 3
1 2 3
2 2 3
3 2 3
1 3 3
2 3 3
3 3 3
Case #75: 18
1 1 1
2 1 1
1 2 1
2 2 1
1 3 1
2 3 1
1 1 2
2 1 2
1 2 2
2 2 2
1 3 2
2 3 2
1 1 3
2 1 3
1 2 3
2 2 3
1 3 3
2 3 3
Case #76: 7
1 1 1
2 2 1
3 3 1
2 1 2
1 2 2
3 1 3
1 3 3
Case #77: 12
1 1 1
2 1 1
1 2 1
2 2 1
1 1 2
2 1 2
1 2 2
2 2 2
1 1 3
2 1 3
1 2 3
2 2 3
Case #78: 4
1 1 1
1 2 1
1 1 2
1 2 2
Case #79: 10
1 1 1
2 1 1
1 2 1
2 2 1
1 1 2
2 1 2
1 2 2
2 2 2
1 3 3
2 3 3
Case #80: 8
1 1 1
2 1 1
1 2 1
2 2 1
1 1 2
2 1 2
1 2 2
2 2 2
Case #81: 5
1 1 1
2 2 1
2 1 2
1 2 2
1 3 3
Case #82: 3
1 1 1
1 1 2
1 1 3
Case #83: 2
1 1 1
1 1 2
Case #84: 2
1 1 1
1 2 2
Case #85: 3
1 1 1
1 1 2
1 1 3
Case #86: 4
1 1 1
1 2 1
1 1 2
1 2 2
Case #87: 18
1 1 1
2 1 1
1 2 1
2 2 1
1 3 1
2 3 1
1 1 2
2 1 2
1 2 2
2 2 2
1 3 2
2 3 2
1 1 3
2 1 3
1 2 3
2 2 3
1 3 3
2 3 3
Case #88: 18
1 1 1
2 1 1
1 2 1
2 2 1
1 3 1
2 3 1
1 1 2
2 1 2
1 2 2
2 2 2
1 3 2
2 3 2
1 1 3
2 1 3
1 2 3
2 2 3
1 3 3
2 3 3
Case #89: 1
1 1 1
Case #90: 4
1 1 1
2 2 1
2 1 2
1 2 2
Case #91: 1
1 1 1
Case #92: 9
1 1 1
1 2 1
1 3 1
1 1 2
1 2 2
1 3 2
1 1 3
1 2 3
1 3 3
Case #93: 8
1 1 1
2 1 1
1 2 1
2 2 1
1 1 2
2 1 2
1 2 2
2 2 2
Case #94: 9
1 1 1
1 2 1
1 3 1
1 1 2
1 2 2
1 3 2
1 1 3
1 2 3
1 3 3
Case #95: 8
1 1 1
2 1 1
1 2 1
2 2 1
1 1 2
2 1 2
1 2 2
2 2 2
Case #96: 18
1 1 1
2 1 1
1 2 1
2 2 1
1 3 1
2 3 1
1 1 2
2 1 2
1 2 2
2 2 2
1 3 2
2 3 2
1 1 3
2 1 3
1 2 3
2 2 3
1 3 3
2 3 3
Case #97: 4
1 1 1
1 2 1
1 1 2
1 2 2
Case #98: 8
1 1 1
2 1 1
1 2 1
2 2 1
1 1 2
2 1 2
1 2 2
2 2 2
Case #99: 8
1 1 1
2 1 1
1 2 1
2 2 1
1 1 2
2 1 2
1 2 2
2 2 2
Case #100: 2
1 1 1
1 1 2
