Case #1: 1
1 1 1
Case #2: 4
1 2 3
1 2 2
1 1 3
1 1 2
Case #3: 2
1 1 3
1 1 2
Case #4: 2
1 2 3
1 1 2
Case #5: 2
1 1 2
1 1 1
Case #6: 2
1 1 2
1 1 1
Case #7: 18
2 3 3
2 3 2
2 3 1
2 2 3
2 2 2
2 2 1
2 1 3
2 1 2
2 1 1
1 3 3
1 3 2
1 3 1
1 2 3
1 2 2
1 2 1
1 1 3
1 1 2
1 1 1
Case #8: 6
1 2 3
1 2 2
1 2 1
1 1 3
1 1 2
1 1 1
Case #9: 9
1 3 3
1 3 2
1 3 1
1 2 3
1 2 2
1 2 1
1 1 3
1 1 2
1 1 1
Case #10: 18
2 3 3
2 3 2
2 3 1
2 2 3
2 2 2
2 2 1
2 1 3
2 1 2
2 1 1
1 3 3
1 3 2
1 3 1
1 2 3
1 2 2
1 2 1
1 1 3
1 1 2
1 1 1
Case #11: 2
1 1 2
1 1 1
Case #12: 1
1 1 1
Case #13: 27
3 3 3
3 3 2
3 3 1
3 2 3
3 2 2
3 2 1
3 1 3
3 1 2
3 1 1
2 3 3
2 3 2
2 3 1
2 2 3
2 2 2
2 2 1
2 1 3
2 1 2
2 1 1
1 3 3
1 3 2
1 3 1
1 2 3
1 2 2
1 2 1
1 1 3
1 1 2
1 1 1
Case #14: 18
2 3 3
2 3 2
2 3 1
2 2 3
2 2 2
2 2 1
2 1 3
2 1 2
2 1 1
1 3 3
1 3 2
1 3 1
1 2 3
1 2 2
1 2 1
1 1 3
1 1 2
1 1 1
Case #15: 9
1 3 3
1 3 2
1 3 1
1 2 3
1 2 2
1 2 1
1 1 3
1 1 2
1 1 1
Case #16: 2
1 1 2
1 1 1
Case #17: 12
2 2 3
2 2 2
2 2 1
2 1 3
2 1 2
2 1 1
1 2 3
1 2 2
1 2 1
1 1 3
1 1 2
1 1 1
Case #18: 5
1 3 3
1 3 2
1 2 3
1 2 2
1 1 1
Case #19: 8
2 2 2
2 2 1
2 1 2
2 1 1
1 2 2
1 2 1
1 1 2
1 1 1
Case #20: 4
2 2 2
2 1 1
1 2 1
1 1 2
Case #21: 1
1 1 1
Case #22: 9
1 3 3
1 3 2
1 3 1
1 2 3
1 2 2
1 2 1
1 1 3
1 1 2
1 1 1
Case #23: 3
1 1 3
1 1 2
1 1 1
Case #24: 8
2 2 3
2 2 2
2 1 3
2 1 2
1 2 3
1 2 2
1 1 3
1 1 2
Case #25: 8
2 2 2
2 2 1
2 1 2
2 1 1
1 2 2
1 2 1
1 1 2
1 1 1
Case #26: 4
1 2 2
1 2 1
1 1 2
1 1 1
Case #27: 12
2 2 3
2 2 2
2 2 1
2 1 3
2 1 2
2 1 1
1 2 3
1 2 2
1 2 1
1 1 3
1 1 2
1 1 1
Case #28: 27
3 3 3
3 3 2
3 3 1
3 2 3
3 2 2
3 2 1
3 1 3
3 1 2
3 1 1
2 3 3
2 3 2
2 3 1
2 2 3
2 2 2
2 2 1
2 1 3
2 1 2
2 1 1
1 3 3
1 3 2
1 3 1
1 2 3
1 2 2
1 2 1
1 1 3
1 1 2
1 1 1
Case #29: 6
1 2 3
1 2 2
1 2 1
1 1 3
1 1 2
1 1 1
Case #30: 2
1 1 2
1 1 1
Case #31: 1
1 1 2
Case #32: 1
1 1 1
Case #33: 9
1 3 3
1 3 2
1 3 1
1 2 3
1 2 2
1 2 1
1 1 3
1 1 2
1 1 1
Case #34: 4
1 2 2
1 2 1
1 1 2
1 1 1
Case #35: 8
2 2 2
2 2 1
2 1 2
2 1 1
1 2 2
1 2 1
1 1 2
1 1 1
Case #36: 2
1 1 2
1 1 1
Case #37: 18
2 3 3
2 3 2
2 3 1
2 2 3
2 2 2
2 2 1
2 1 3
2 1 2
2 1 1
1 3 3
1 3 2
1 3 1
1 2 3
1 2 2
1 2 1
1 1 3
1 1 2
1 1 1
Case #38: 4
1 2 2
1 2 1
1 1 2
1 1 1
Case #39: 12
2 2 3
2 2 2
2 2 1
2 1 3
2 1 2
2 1 1
1 2 3
1 2 2
1 2 1
1 1 3
1 1 2
1 1 1
Case #40: 2
1 1 2
1 1 1
Case #41: 18
2 3 3
2 3 2
2 3 1
2 2 3
2 2 2
2 2 1
2 1 3
2 1 2
2 1 1
1 3 3
1 3 2
1 3 1
1 2 3
1 2 2
1 2 1
1 1 3
1 1 2
1 1 1
Case #42: 9
1 3 3
1 3 2
1 3 1
1 2 3
1 2 2
1 2 1
1 1 3
1 1 2
1 1 1
Case #43: 27
3 3 3
3 3 2
3 3 1
3 2 3
3 2 2
3 2 1
3 1 3
3 1 2
3 1 1
2 3 3
2 3 2
2 3 1
2 2 3
2 2 2
2 2 1
2 1 3
2 1 2
2 1 1
1 3 3
1 3 2
1 3 1
1 2 3
1 2 2
1 2 1
1 1 3
1 1 2
1 1 1
Case #44: 3
1 1 3
1 1 2
1 1 1
Case #45: 8
2 2 2
2 2 1
2 1 2
2 1 1
1 2 2
1 2 1
1 1 2
1 1 1
Case #46: 12
2 2 3
2 2 2
2 2 1
2 1 3
2 1 2
2 1 1
1 2 3
1 2 2
1 2 1
1 1 3
1 1 2
1 1 1
Case #47: 27
3 3 3
3 3 2
3 3 1
3 2 3
3 2 2
3 2 1
3 1 3
3 1 2
3 1 1
2 3 3
2 3 2
2 3 1
2 2 3
2 2 2
2 2 1
2 1 3
2 1 2
2 1 1
1 3 3
1 3 2
1 3 1
1 2 3
1 2 2
1 2 1
1 1 3
1 1 2
1 1 1
Case #48: 9
1 3 3
1 3 2
1 3 1
1 2 3
1 2 2
1 2 1
1 1 3
1 1 2
1 1 1
Case #49: 4
1 2 2
1 2 1
1 1 2
1 1 1
Case #50: 4
1 2 2
1 2 1
1 1 2
1 1 1
Case #51: 18
2 3 3
2 3 2
2 3 1
2 2 3
2 2 2
2 2 1
2 1 3
2 1 2
2 1 1
1 3 3
1 3 2
1 3 1
1 2 3
1 2 2
1 2 1
1 1 3
1 1 2
1 1 1
Case #52: 4
1 2 2
1 2 1
1 1 2
1 1 1
Case #53: 1
1 1 1
Case #54: 8
2 2 2
2 2 1
2 1 2
2 1 1
1 2 2
1 2 1
1 1 2
1 1 1
Case #55: 3
1 3 3
1 2 2
1 1 1
Case #56: 1
1 1 1
Case #57: 6
1 2 3
1 2 2
1 2 1
1 1 3
1 1 2
1 1 1
Case #58: 18
2 3 3
2 3 2
2 3 1
2 2 3
2 2 2
2 2 1
2 1 3
2 1 2
2 1 1
1 3 3
1 3 2
1 3 1
1 2 3
1 2 2
1 2 1
1 1 3
1 1 2
1 1 1
Case #59: 6
1 2 3
1 2 2
1 2 1
1 1 3
1 1 2
1 1 1
Case #60: 9
1 3 3
1 3 2
1 3 1
1 2 3
1 2 2
1 2 1
1 1 3
1 1 2
1 1 1
Case #61: 9
1 3 3
1 3 2
1 3 1
1 2 3
1 2 2
1 2 1
1 1 3
1 1 2
1 1 1
Case #62: 1
1 1 1
Case #63: 8
2 2 2
2 2 1
2 1 2
2 1 1
1 2 2
1 2 1
1 1 2
1 1 1
Case #64: 12
2 2 3
2 2 2
2 2 1
2 1 3
2 1 2
2 1 1
1 2 3
1 2 2
1 2 1
1 1 3
1 1 2
1 1 1
Case #65: 4
1 2 2
1 2 1
1 1 2
1 1 1
Case #66: 4
2 2 3
2 1 2
1 2 2
1 1 3
Case #67: 8
2 2 2
2 2 1
2 1 2
2 1 1
1 2 2
1 2 1
1 1 2
1 1 1
Case #68: 6
1 2 3
1 2 2
1 2 1
1 1 3
1 1 2
1 1 1
Case #69: 3
1 1 3
1 1 2
1 1 1
Case #70: 1
1 1 1
Case #71: 6
1 2 3
1 2 2
1 2 1
1 1 3
1 1 2
1 1 1
Case #72: 27
3 3 3
3 3 2
3 3 1
3 2 3
3 2 2
3 2 1
3 1 3
3 1 2
3 1 1
2 3 3
2 3 2
2 3 1
2 2 3
2 2 2
2 2 1
2 1 3
2 1 2
2 1 1
1 3 3
1 3 2
1 3 1
1 2 3
1 2 2
1 2 1
1 1 3
1 1 2
1 1 1
Case #73: 27
3 3 3
3 3 2
3 3 1
3 2 3
3 2 2
3 2 1
3 1 3
3 1 2
3 1 1
2 3 3
2 3 2
2 3 1
2 2 3
2 2 2
2 2 1
2 1 3
2 1 2
2 1 1
1 3 3
1 3 2
1 3 1
1 2 3
1 2 2
1 2 1
1 1 3
1 1 2
1 1 1
Case #74: 1
1 1 3
Case #75: 7
3 3 3
3 2 2
3 1 1
2 3 2
2 2 3
1 3 1
1 1 3
Case #76: 14
3 3 3
3 3 2
3 2 3
3 2 2
3 1 1
2 3 3
2 3 2
2 2 3
2 2 2
2 1 1
1 3 1
1 2 1
1 1 3
1 1 2
Case #77: 3
1 1 3
1 1 2
1 1 1
Case #78: 27
3 3 3
3 3 2
3 3 1
3 2 3
3 2 2
3 2 1
3 1 3
3 1 2
3 1 1
2 3 3
2 3 2
2 3 1
2 2 3
2 2 2
2 2 1
2 1 3
2 1 2
2 1 1
1 3 3
1 3 2
1 3 1
1 2 3
1 2 2
1 2 1
1 1 3
1 1 2
1 1 1
Case #79: 6
1 2 3
1 2 2
1 2 1
1 1 3
1 1 2
1 1 1
Case #80: 27
3 3 3
3 3 2
3 3 1
3 2 3
3 2 2
3 2 1
3 1 3
3 1 2
3 1 1
2 3 3
2 3 2
2 3 1
2 2 3
2 2 2
2 2 1
2 1 3
2 1 2
2 1 1
1 3 3
1 3 2
1 3 1
1 2 3
1 2 2
1 2 1
1 1 3
1 1 2
1 1 1
Case #81: 2
1 1 2
1 1 1
Case #82: 1
1 1 1
Case #83: 8
2 2 2
2 2 1
2 1 2
2 1 1
1 2 2
1 2 1
1 1 2
1 1 1
Case #84: 4
1 2 2
1 2 1
1 1 2
1 1 1
Case #85: 1
1 1 1
Case #86: 4
1 2 2
1 2 1
1 1 2
1 1 1
Case #87: 3
1 1 3
1 1 2
1 1 1
Case #88: 3
1 1 3
1 1 2
1 1 1
Case #89: 18
2 3 3
2 3 2
2 3 1
2 2 3
2 2 2
2 2 1
2 1 3
2 1 2
2 1 1
1 3 3
1 3 2
1 3 1
1 2 3
1 2 2
1 2 1
1 1 3
1 1 2
1 1 1
Case #90: 3
1 1 3
1 1 2
1 1 1
Case #91: 10
2 3 3
2 3 2
2 2 3
2 2 2
2 1 1
1 3 3
1 3 2
1 2 3
1 2 2
1 1 1
Case #92: 6
1 2 3
1 2 2
1 2 1
1 1 3
1 1 2
1 1 1
Case #93: 12
2 2 3
2 2 2
2 2 1
2 1 3
2 1 2
2 1 1
1 2 3
1 2 2
1 2 1
1 1 3
1 1 2
1 1 1
Case #94: 12
2 2 3
2 2 2
2 2 1
2 1 3
2 1 2
2 1 1
1 2 3
1 2 2
1 2 1
1 1 3
1 1 2
1 1 1
Case #95: 12
2 2 3
2 2 2
2 2 1
2 1 3
2 1 2
2 1 1
1 2 3
1 2 2
1 2 1
1 1 3
1 1 2
1 1 1
Case #96: 8
2 2 2
2 2 1
2 1 2
2 1 1
1 2 2
1 2 1
1 1 2
1 1 1
Case #97: 2
1 1 2
1 1 1
Case #98: 2
1 2 2
1 1 1
Case #99: 3
1 1 3
1 1 2
1 1 1
Case #100: 5
2 3 3
2 2 2
2 1 1
1 3 2
1 2 3
