50
3
1 2 3
2 3 5
3 5 6
2 3 4
1 2 3
6
9 13 15 19 23 25
4 6 9 13 17 18
15 19 22 25 30 31
10 17 19 22 26 30
12 18 23 24 30 31
2 4 6 7 11 15
7 12 15 19 22 24
4 6 10 12 15 19
6 9 12 15 17 22
11 15 17 23 26 30
2 4 6 9 10 12
4
2 4 5 10
1 2 3 7
3 5 6 12
8 10 11 13
1 2 3 8
2 4 5 9
3 5 6 11
7
11 17 18 20 30 32 34
3 6 9 14 18 20 23
5 7 13 17 22 25 29
14 20 25 27 32 38 39
7 9 13 15 18 23 25
3 6 7 13 17 19 21
17 21 25 27 36 39 46
13 19 23 24 34 38 42
13 18 22 26 30 34 36
9 13 15 19 26 27 33
18 23 29 33 34 42 46
2 3 5 9 11 13 17
11 14 17 19 20 24 27
10
6 7 8 9 10 11 12 13 14 15
10 11 12 13 14 15 16 17 18 19
8 9 10 11 12 13 14 15 16 17
2 3 4 5 6 7 8 9 10 11
7 8 9 10 11 12 13 14 15 16
5 6 7 8 9 10 11 12 13 14
6 7 8 9 10 11 12 13 14 15
1 2 3 4 5 6 7 8 9 10
2 3 4 5 6 7 8 9 10 11
9 10 11 12 13 14 15 16 17 18
4 5 6 7 8 9 10 11 12 13
9 10 11 12 13 14 15 16 17 18
8 9 10 11 12 13 14 15 16 17
7 8 9 10 11 12 13 14 15 16
4 5 6 7 8 9 10 11 12 13
1 2 3 4 5 6 7 8 9 10
5 6 7 8 9 10 11 12 13 14
3 4 5 6 7 8 9 10 11 12
10 11 12 13 14 15 16 17 18 19
3
1 2 3
2 3 4
2 3 4
1 2 3
3 4 5
10
15 19 22 23 24 25 27 32 35 38
4 7 10 13 15 18 19 21 22 24
11 15 18 20 21 22 24 27 30 32
14 18 19 22 23 24 26 29 31 35
18 20 25 29 32 35 38 39 42 45
7 11 14 17 20 22 23 25 28 31
19 22 25 28 29 31 33 36 37 42
12 15 20 22 24 26 27 32 33 35
7 10 13 14 17 19 20 21 24 25
16 19 24 26 30 31 35 36 37 39
16 21 23 25 28 29 32 33 36 39
10 13 17 18 21 23 24 28 29 32
11 14 19 20 22 24 25 29 31 33
4 7 8 11 13 14 15 17 19 20
5 8 13 14 18 19 22 23 25 27
20 24 27 31 32 33 35 38 39 45
3 4 5 7 10 11 12 14 16 18
14 17 21 25 27 29 32 33 36 38
8 13 14 17 18 20 22 25 26 29
7
1 2 3 4 5 6 7
5 6 7 8 9 10 11
7 8 9 10 11 12 13
6 7 8 9 10 11 12
2 3 4 5 6 7 8
6 7 8 9 10 11 12
4 5 6 7 8 9 10
3 4 5 6 7 8 9
4 5 6 7 8 9 10
2 3 4 5 6 7 8
7 8 9 10 11 12 13
3 4 5 6 7 8 9
1 2 3 4 5 6 7
7
1 2 3 4 5 6 23
4 9 13 16 17 18 28
3 8 12 13 14 15 27
2 7 8 9 10 11 24
5 10 14 17 19 20 31
5 10 14 17 19 20 30
2 7 8 9 10 11 25
22 24 27 29 30 32 34
4 9 13 16 17 18 29
6 11 15 18 20 21 33
1 2 3 4 5 6 22
3 8 12 13 14 15 26
23 25 26 28 31 33 34
7
90 101 104 111 153 175 200
91 104 129 151 166 197 213
37 58 64 80 86 128 147
17 40 58 67 77 101 104
14 17 21 24 33 34 49
72 77 82 102 133 167 183
33 85 86 108 133 153 166
18 40 56 71 85 109 110
24 71 80 81 102 111 151
34 109 128 144 167 175 197
51 67 73 81 108 144 160
14 18 37 51 72 90 91
21 56 64 73 82 104 129
2
2 4
4 5
2 4
9
15 22 25 27 30 33 37 39 43
16 24 28 30 32 35 38 42 44
12 19 22 25 26 30 36 38 40
20 24 26 27 32 34 38 39 42
6 7 8 11 14 17 19 22 24
17 22 25 26 31 33 36 37 38
11 16 17 19 22 25 26 30 32
3 6 8 9 11 14 17 20 21
4 7 11 13 16 19 22 24 26
21 26 29 32 33 36 40 43 44
14 19 22 25 28 29 30 33 35
7 11 16 18 19 25 26 27 32
3 4 6 7 8 10 12 15 16
8 14 18 19 22 28 31 32 33
8 11 14 16 18 19 22 25 28
6 8 14 16 17 22 25 26 29
9 13 16 18 19 21 25 27 30
2
1 3
3 4
1 3
2
5 9
3 5
6 9
7
14 19 24 28 31 35 39
4 7 8 9 12 16 20
9 16 19 24 28 29 30
8 10 14 16 19 22 25
16 22 25 32 35 36 40
9 13 18 19 23 25 28
8 14 18 22 24 27 28
20 25 28 35 39 40 41
16 23 28 30 33 40 41
4 8 9 13 14 15 16
12 19 23 28 31 32 33
15 20 27 29 32 36 40
7 10 13 16 19 20 23
7
6 10 12 15 16 19 21
12 17 19 22 24 27 30
12 16 18 25 26 30 31
8 11 14 17 18 22 24
2 3 6 8 10 11 12
2 5 6 8 9 12 13
13 19 21 24 25 29 31
10 12 15 20 21 24 25
6 10 12 14 15 16 18
8 12 15 17 20 22 25
9 15 16 18 21 25 26
3 8 10 12 15 17 19
5 8 10 11 12 15 16
2
2 6
6 8
2 4
3
7 8 10
3 8 15
2 7 12
2 3 5
12 15 18
2
2 4
6 8
4 8
4
3 5 6 8
2 5 8 11
5 8 10 11
1 2 3 5
1 3 5 6
3 6 10 12
5 8 11 13
4
4 5 6 7
3 4 5 6
2 3 4 5
2 3 4 5
1 2 3 4
1 2 3 4
4 5 6 7
7
13 14 19 24 31 35 36
9 11 15 19 23 27 30
1 2 5 6 8 11 13
13 17 19 30 34 36 42
2 4 6 11 13 14 17
10 13 18 21 27 29 34
5 7 8 15 18 19 22
14 17 22 28 32 38 42
8 9 14 23 27 31 32
11 12 18 27 29 35 38
5 6 8 10 14 18 19
6 8 10 19 21 24 28
1 2 5 9 10 13 14
4
45 53 55 67
62 85 102 119
52 55 102 116
85 104 116 123
37 53 85 104
25 45 62 85
60 67 119 123
4
3 4 6 7
5 7 9 11
4 6 9 11
6 7 11 13
2 4 7 9
1 3 5 6
6 9 11 13
2
4 8
6 8
2 6
9
3 6 7 10 11 13 15 17 18
7 12 14 16 17 18 21 22 24
6 10 12 14 15 17 19 20 21
1 3 5 7 8 9 11 12 14
13 18 19 21 23 24 26 27 29
5 6 7 9 12 14 15 18 19
7 9 10 12 14 16 17 19 21
8 10 11 14 15 17 18 21 23
1 2 3 5 6 7 9 11 13
9 14 15 17 18 20 22 24 25
9 11 13 15 17 18 20 23 24
14 16 18 20 21 24 25 28 29
11 16 18 19 21 23 24 26 28
12 14 17 18 20 22 24 26 27
5 8 9 12 14 15 17 18 20
3 4 6 8 10 12 14 16 18
2 4 6 9 10 11 12 14 16
7
4 9 11 12 14 15 18
10 12 14 15 19 22 23
3 4 7 10 13 16 18
13 15 18 22 23 28 30
16 19 22 24 25 28 30
14 18 21 23 26 30 32
7 10 12 13 17 18 21
12 14 17 19 22 25 29
13 15 18 19 22 23 26
6 9 10 12 15 19 21
18 21 25 26 29 30 32
11 12 13 15 19 24 26
8 11 12 14 18 22 25
7
4 9 11 16 17 20 23
7 9 11 13 16 17 18
11 17 18 24 26 27 30
3 6 9 13 14 16 19
6 12 13 19 20 23 25
12 14 17 20 21 25 26
15 16 20 23 25 26 27
2 5 7 10 12 15 16
10 16 17 23 25 26 27
16 19 23 25 26 27 30
7 13 16 20 21 25 26
2 3 4 6 7 10 11
5 6 9 12 13 16 17
2
22 222
22 222
2 22
4
13 14 15 16
4 8 12 16
2 6 10 14
9 10 11 12
1 2 3 4
1 5 9 13
5 6 7 8
3
1 2 3
3 4 5
3 4 5
2 3 4
1 2 3
2
3 5
1 3
1 4
3
2 4 9
6 11 13
9 12 13
3 9 12
2 3 6
2
3 6
6 9
3 4
10
8 16 23 29 34 38 41 43 44 61
9 17 24 30 35 39 42 44 45 62
3 11 18 19 20 21 22 23 24 50
3 11 18 19 20 21 22 23 24 51
7 15 22 28 33 37 40 41 42 59
6 14 21 27 32 36 37 38 39 56
4 12 19 25 26 27 28 29 30 53
47 48 50 52 54 56 59 60 63 64
8 16 23 29 34 38 41 43 44 60
6 14 21 27 32 36 37 38 39 57
1 2 3 4 5 6 7 8 9 47
5 13 20 26 31 32 33 34 35 55
4 12 19 25 26 27 28 29 30 52
2 10 11 12 13 14 15 16 17 48
9 17 24 30 35 39 42 44 45 63
46 49 51 53 55 57 58 61 62 64
1 2 3 4 5 6 7 8 9 46
5 13 20 26 31 32 33 34 35 54
7 15 22 28 33 37 40 41 42 58
9
25 38 40 44 49 54 56 57 63
22 34 36 39 46 49 50 53 60
22 31 32 36 38 41 47 50 56
5 7 10 13 14 17 19 22 25
13 20 23 25 26 33 36 40 47
31 41 44 47 51 55 57 60 63
15 18 20 25 27 35 36 39 44
7 10 14 18 22 27 31 36 41
19 31 34 36 41 42 47 52 57
19 22 24 26 29 37 41 46 49
17 27 31 35 37 40 41 49 55
20 27 28 33 34 40 42 49 54
5 6 10 15 19 20 22 26 31
10 15 19 20 24 28 32 39 44
10 14 19 23 25 31 34 36 40
6 10 15 20 24 27 31 34 38
26 36 39 40 44 49 52 53 57
3
2 3 4
2 3 4
3 4 5
1 2 3
3 4 5
3
3 4 6
1 2 3
3 4 6
2 3 4
1 2 3
2
22 222
2 22
2 22
6
8 10 15 19 23 25
10 12 17 21 26 29
6 8 11 14 16 17
15 17 25 29 31 35
7 11 15 17 19 23
14 16 23 26 27 30
10 14 19 21 22 24
4 6 8 10 12 13
4 6 7 10 14 15
12 15 19 22 27 31
6 8 10 12 15 16
10
174 179 208 214 242 261 293 303 330 333
103 109 137 144 176 195 201 208 235 261
63 66 115 116 145 153 172 189 202 214
153 162 194 218 235 254 278 296 319 330
47 60 103 105 121 133 144 159 186 208
159 181 215 239 246 267 303 319 320 333
37 57 60 66 103 109 144 146 162 181
59 84 103 115 135 137 169 192 194 215
72 86 105 116 139 144 193 204 218 239
131 146 192 204 221 242 269 292 295 303
17 37 59 72 88 102 103 128 152 174
102 118 133 153 188 195 233 242 254 267
40 57 84 86 108 118 135 149 161 179
17 40 47 63 87 103 122 131 153 159
103 135 144 172 199 201 246 269 278 303
88 108 121 145 170 176 214 221 235 246
87 103 135 139 170 188 199 200 221 242
152 161 186 202 221 235 286 295 319 320
128 149 159 189 200 208 266 292 296 319
10
14 16 19 21 23 25 26 27 28 29
3 6 8 9 11 13 14 16 17 19
6 8 9 11 13 14 16 18 19 21
8 10 13 15 17 18 20 23 25 26
6 8 11 13 15 16 18 21 23 24
12 14 17 18 20 23 25 26 27 28
2 4 6 7 8 10 12 14 15 16
16 18 21 22 25 27 28 29 33 36
16 19 21 24 26 29 31 32 34 36
2 3 4 6 8 10 11 13 14 16
7 9 10 13 15 17 18 20 21 22
15 17 20 23 25 27 29 30 32 33
8 11 12 15 17 19 20 22 23 25
13 15 18 20 22 23 26 27 30 32
4 6 7 8 10 12 14 15 16 18
10 13 15 16 18 21 22 23 24 27
14 16 19 21 23 24 27 28 32 34
4 7 9 10 12 15 17 19 20 21
10 12 14 17 19 21 23 25 27 29
7
43 44 45 46 47 48 49
36 37 38 39 40 41 42
1 2 3 4 5 6 7
15 16 17 18 19 20 21
2 9 16 23 30 37 44
8 9 10 11 12 13 14
29 30 31 32 33 34 35
7 14 21 28 35 42 49
22 23 24 25 26 27 28
4 11 18 25 32 39 46
6 13 20 27 34 41 48
5 12 19 26 33 40 47
1 8 15 22 29 36 43
4
2 3 5 6
5 7 9 11
6 9 11 13
3 6 7 9
4 6 7 9
7 9 11 13
5 7 9 11
4
6 9 11 12
5 6 9 11
3 5 6 8
1 3 5 6
3 5 7 9
5 7 9 11
6 8 11 12
7
7 10 12 14 15 17 20
4 6 7 9 12 14 15
11 12 15 18 20 21 24
2 4 6 8 9 11 12
3 4 6 8 10 11 12
5 8 10 11 14 16 18
1 3 4 5 6 8 9
8 11 14 16 17 20 21
5 8 9 11 13 16 18
9 12 15 18 20 22 24
3 6 7 10 12 14 15
1 2 3 5 7 9 11
9 11 14 16 18 20 22
3
4 6 9
4 5 6
3 5 8
6 8 9
2 3 4
3
3 5 8
6 7 11
5 8 11
2 3 6
4 5 7
2
2 6
4 8
2 4
10
21 22 23 24 25 26 27 28 29 30
71 72 73 74 75 76 77 78 79 80
31 32 33 34 35 36 37 38 39 40
91 92 93 94 95 96 97 98 99 100
51 52 53 54 55 56 57 58 59 60
61 62 63 64 65 66 67 68 69 70
5 15 25 35 45 55 65 75 85 95
9 19 29 39 49 59 69 79 89 99
4 14 24 34 44 54 64 74 84 94
6 16 26 36 46 56 66 76 86 96
11 12 13 14 15 16 17 18 19 20
2 12 22 32 42 52 62 72 82 92
1 2 3 4 5 6 7 8 9 10
81 82 83 84 85 86 87 88 89 90
7 17 27 37 47 57 67 77 87 97
3 13 23 33 43 53 63 73 83 93
8 18 28 38 48 58 68 78 88 98
10 20 30 40 50 60 70 80 90 100
1 11 21 31 41 51 61 71 81 91
