Case #1: 3 4 6
Case #2: 43 93 143 193 243 293 343 393 443 493 543 593 643 693 743 793 843 893 943 993 1043 1093 1143 1193 1243 1293 1343 1393 1443 1493 1543 1593 1643 1693 1743 1793 1843 1893 1943 1993 2043 2093 2143 2193 2243 2293 2343 2393 2443 2493
Case #3: 1 2 3
Case #4: 1 2 3 4 5 6 7 8 9 47
Case #5: 10 13 16 17 19 24 26
Case #6: 40 41 46 48 50 53 55 57 60 66 68 69 71 72 73 74 76 78 80 82 86 88 89 91 92 93 94 96 97 100 102 105 107 108 110 113 115 116 117 119 121 123 124 126 127 129 130 132 134 136
Case #7: 14 15 16 17 18 19 20 21 22 23 24 25 26 27 28 29 30 31 32 33 34 35 36 37 38
Case #8: 4 7 9 10
Case #9: 349 369 375 384 435 466 500 521 541 560 575 593 598 642 659 662 689 713 735 744 763 774 819 825 852 867 909 914 943 945 961 981 1011 1033 1057 1077 1088 1113 1136 1149 1172 1183 1204 1206 1213 1225 1245 1264 1296 1316
Case #10: 5 8 9 12 14 16 19 22 25 27
Case #11: 6 8
Case #12: 2 4 6 7 8 9 11 14 15 17
Case #13: 25 63 64 103
Case #14: 7 9 11 13
Case #15: 85 106 109 114 140 157 174
Case #16: 376 377 378 379 380 381 382 383 384 385 386 387 388 389 390 391 392 393 394 395 396 397 398 399 400
Case #17: 25 32 37 39 43 45 47 51 52 55 58 59 65 66 71 74 75 81 83 84 90 93 94 95
Case #18: 2 6
Case #19: 4 9 13 16 17 18 29
Case #20: 19 21 24 26 31 34 37 40 42 45 48 50 51
Case #21: 22 222
Case #22: 1 2 3 4 5 6 7 8 9 10
Case #23: 26 29 32 35 36 38 40 41 42 44 45 49 51 54 55 57 59 60 63 64
Case #24: 2 22
Case #25: 23 36 40 45 50 53 56 59 66 68 71 74 78 80 82 86 88 92 95 98 100
Case #26: 2 4
Case #27: 23 27 30 34 35 37 41 44 47 50 51 54 57 60 61 62 65 68 70 73
Case #28: 36 38 40 43 45 48 51 53 54 56 58 59 62 63 65 67 69 72 74 77 79 80 81 82 84
Case #29: 10 11 18 22 25 28 29 30 34 35 38 41 42 46 50 53 55 58 59 61 62 64 67 70 71 74 75 77 80 82 84 86 87 90 93 94 97 100 101 102 105 106 109 112 115 116 117 119 121 123
Case #30: 21 44 66 87 107 126 144 161 177 192 206 219 231 242 252 261 269 276 282 287 291 292 293 294 341
Case #31: 37 41 45 50 55 60 65 69 74 76 78 81 88 91 94 96 99 101
Case #32: 15 21 24 27 28 31 34 37 40 44 46 49 50 55 56 58 61 63 66 69 70 71 73 75 76
Case #33: 21 69 116 162 207 251 294 336 377 417 456 494 531 567 602 636 669 701 732 762 791 792 793 794 795 796 797 798 799 800 801 802 803 804 805 806 807 808 809 810 811 812 813 814 815 816 817 818 819 1267
Case #34: 5 6 7 8 9 10 11 12 13 14 15 16 17 18 19 20 21 22 23 24 25 26 27 28 29 30 31 32 33 34 35 36 37 38 39 40 41 42 43 44 45 46 47 48 49 50 51 52 53 54
Case #35: 29 31 37 40 42 46 49 52 54 57 59 64 67 68 71 72 76 79 82 84 85 87 92
Case #36: 3 4 6 7
Case #37: 145 157 161 162 210 234 265 273 295 296
Case #38: 2 3 4
Case #39: 57 67 77 82 87 88 92 98 101 106 112 119 120 123 128 131 133 142
Case #40: 5 12 19 26 33 40 47
Case #41: 4 8
Case #42: 25 29 33 35 38 40 43 45 50 53 54 58 59 61 63
Case #43: 163 180 215 230 254 274 299 310 334 348 351 386 405 420 450 459 478 501 521 544 554 570 579 580 587
Case #44: 3 4 5
Case #45: 3 7 11 15
Case #46: 40 43 47 48 52 62 66 70 74 81 84 91 94 99 100 105 107 109 117 122 123 128 133 140 144
Case #47: 4 5 6 7
Case #48: 4 7 9 11 13 14 15
Case #49: 7 8 9 10 11 12 13
Case #50: 8 18 28 38 48 58 68 78 88 98
