Case #1:
10000000000000000000000000000001 3 2 5 2 7 2 3 2 11
10000000000000000000000000000111 3 2 5 2 7 2 3 2 11
10000000000100000000000000000001 5 13 3 31 43 3 59 7 3
10000000000000000000000000001101 3 2 5 2 7 2 3 2 11
10000000000000000000000000010011 3 2 5 2 7 2 3 2 11
10000000000000000000000000011001 3 2 5 2 7 2 3 2 7
10000000000000000000000000011111 3 2 3 2 7 2 3 2 3
10000000000000000000000000100101 3 2 5 2 7 2 3 2 11
10000000001100000000000000000001 3 2 5 2 7 2 3 2 11
10000000000000000000000000101011 3 163 19 3 5 151 3 149 1723
10000000001100000000000000000111 3 2 3 2 7 2 3 2 3
10000000000000000000000000110001 3 2 5 2 7 2 3 2 11
10000000001100000000000000001101 3 2 3 2 7 2 3 2 3
10000000000000000000000000110111 3 2 3 2 7 2 3 2 3
10000000001100000000000000010011 3 2 3 2 7 2 3 2 3
10000000000000000000000000111101 3 2 3 2 7 2 3 2 3
10000000001100000000000000011001 3 2 3 2 7 2 3 2 3
10000000000000000000000001000011 3 2 5 2 7 2 3 2 11
10000000001100000000000000011111 3 2 5 2 7 2 3 2 11
10000000000000000000000001001001 3 2 5 2 7 2 3 2 11
10000000001100000000000000100101 3 2 3 2 7 2 3 2 3
10000000000000000000000001001111 3 2 3 2 7 2 3 2 3
10000000001100000000000000110001 3 2 3 2 7 2 3 2 3
10000000001100000000000000110111 3 2 5 2 7 2 3 2 11
10000000001100000000000000111101 3 2 5 2 7 2 3 2 11
10000000001100000000000001000011 3 2 3 2 7 2 3 2 3
10000000001100000000000001001001 3 2 3 2 7 2 3 2 3
10000000001100000000000001001111 3 2 5 2 7 2 3 2 11
10000000000000000000000001011011 3 2 3 2 7 2 3 2 3
10000000000000000000000001100001 3 2 5 2 7 2 3 2 11
10000000000000000000000001100111 3 2 3 2 7 2 3 2 3
10000000000000000000000001101101 3 2 3 2 7 2 3 2 3
10000000000000000000000001110011 3 2 3 2 7 2 3 2 3
10000000000000000000000001111001 3 2 3 2 7 2 3 2 3
10000000000000000000000001111111 3 2 5 2 7 2 3 2 11
10000000000000000000000010000101 3 2 5 2 7 2 3 2 11
10000000000100000000000000001101 40933 5 70237 3733 5 151 5 541 7
10000000000100000000000000010011 11 31 103 601 5 13 11 103 9901
10000000000100000000000000011001 97 37 59 29 5 17 13 53 31
10000000000000000000000010010001 3 2 5 2 7 2 3 2 11
10000000000000000000000010010111 3 2 3 2 7 2 3 2 3
10000000000000000000000010011101 3 2 3 2 7 2 3 2 3
10000000000000000000000010100011 3 1429 463 3 5 41 3 541 17
10000000001100000000000001011011 3 2 5 2 7 2 3 2 11
10000000001100000000000001100001 3 2 3 2 7 2 3 2 3
10000000001100000000000001100111 3 2 5 2 7 2 3 2 11
10000000001100000000000001101101 3 2 5 2 7 2 3 2 11
10000000001100000000000001110011 3 2 5 2 7 2 3 2 11
10000000001100000000000001111001 3 2 5 2 7 2 3 2 7
10000000001100000000000001111111 3 2 5 2 5 2 3 2 11
10000000001100000000000010000101 3 2 3 2 7 2 3 2 3
10000000001000000000000000001101 227 67 37 269 5 11 32621 8677 46853
10000000000100000000000000101011 7 2 3 2 43 2 17 2 3
10000000001100000000000010010001 3 2 3 2 7 2 3 2 3
10000000001100000000000010010111 3 2 5 2 7 2 3 2 11
10000000001100000000000010011101 3 2 5 2 7 2 3 2 11
10000000000000000000000010110101 3 2 3 2 7 2 3 2 3
10000000000100000000000000110111 127 5 43 107 55987 29 5 311 239
10000000000000000000000011000001 3 2 5 2 7 2 3 2 11
10000000000000000000000011000111 3 2 3 2 7 2 3 2 3
10000000000000000000000011001101 3 2 3 2 7 2 3 2 3
10000000000000000000000011010011 3 2 3 2 7 2 3 2 3
10000000000000000000000011011001 3 2 3 2 7 2 3 2 3
10000000000000000000000011011111 3 2 5 2 7 2 3 2 11
10000000000000000000000011100101 3 2 3 2 7 2 3 2 3
10000000000000000000000011101011 3 17 269 3 17 14813 3 5077 443
10000000000000000000000011110001 3 2 3 2 7 2 3 2 3
10000000000000000000000011110111 3 2 5 2 7 2 3 2 11
10000000000000000000000011111101 3 2 5 2 7 2 3 2 11
10000000000000000000000100000011 3 2 5 2 7 2 3 2 11
10000000000000000000000100001001 3 2 5 2 7 2 3 2 11
10000000000000000000000100001111 3 2 3 2 7 2 3 2 3
10000000000000000000000100010101 3 11 11 3 5 5 3 11 41
10000000000000000000000100011011 3 2 3 2 7 2 3 2 3
10000000000000000000000100100001 3 2 5 2 7 2 3 2 11
10000000000000000000000100100111 3 2 3 2 7 2 3 2 3
10000000001000000000000000101011 6607 2 3 2 183691 2 277 2 3
10000000000000000000000100101101 3 2 3 2 7 2 3 2 3
10000000000000000000000100110011 3 2 3 2 7 2 3 2 3
10000000000000000000000100111001 3 2 3 2 7 2 3 2 3
10000000000000000000000100111111 3 2 5 2 7 2 3 2 11
10000000001100000000000010101111 3 13 3 3 43 3 3 7 3
10000000001100000000000010110101 3 2 5 2 7 2 3 2 11
10000000001100000000000010111011 3 7187 3 3 108023 3 3 1193 3
10000000001100000000000011000001 3 2 3 2 7 2 3 2 3
10000000001100000000000011000111 3 2 5 2 7 2 3 2 7
10000000001100000000000011001101 3 2 5 2 7 2 3 2 11
10000000001100000000000011010011 3 2 5 2 7 2 3 2 11
10000000001100000000000011011001 3 2 5 2 7 2 3 2 11
10000000001100000000000011011111 3 2 5 2 5 2 3 2 11
10000000001100000000000011100101 3 2 5 2 7 2 3 2 11
10000000001100000000000011101011 3 37 3 3 23 3 3 787 3
10000000001100000000000011110001 3 2 5 2 7 2 3 2 11
10000000001100000000000011110111 3 2 5 2 5 2 3 2 11
10000000001100000000000011111101 3 2 5 2 5 2 3 2 11
10000000001100000000000100000011 3 2 3 2 7 2 3 2 3
10000000001100000000000100001001 3 2 3 2 7 2 3 2 3
10000000001100000000000100001111 3 2 5 2 7 2 3 2 11
10000000001100000000000100011011 3 2 5 2 7 2 3 2 11
10000000001100000000000100100001 3 2 3 2 7 2 3 2 3
10000000001100000000000100100111 3 2 5 2 7 2 3 2 11
10000000001100000000000100101101 3 2 5 2 7 2 3 2 11
10000000001100000000000100110011 3 2 5 2 7 2 3 2 11
10000000001100000000000100111001 3 2 5 2 7 2 3 2 11
10000000001100000000000100111111 3 2 5 2 5 2 3 2 11
10000000000000000000000101001011 3 2 3 2 7 2 3 2 3
10000000001100000000000101001011 3 2 5 2 7 2 3 2 11
10000000001100000000000101010111 3 5 3 3 17 3 3 7 3
10000000001100000000000101011101 3 23 3 3 71 3 3 11 3
10000000001100000000000101100011 3 2 5 2 7 2 3 2 11
10000000001100000000000101101001 3 2 5 2 7 2 3 2 11
10000000001100000000000101101111 3 2 5 2 5 2 3 2 11
10000000001100000000000101110101 3 5 3 3 13 3 3 175447 3
10000000001100000000000101111011 3 2 5 2 5 2 3 2 11
10000000001100000000000110000001 3 2 3 2 7 2 3 2 3
10000000001100000000000110000111 3 2 5 2 7 2 3 2 11
10000000001100000000000110001101 3 2 5 2 7 2 3 2 11
10000000001100000000000110010011 3 2 5 2 7 2 3 2 11
10000000001100000000000110011001 3 2 5 2 7 2 3 2 11
10000000001100000000000110011111 3 2 5 2 5 2 3 2 11
10000000001100000000000110100101 3 2 5 2 7 2 3 2 11
10000000001100000000000110101011 3 13 3 3 43 3 3 7 3
10000000001100000000000110110001 3 2 5 2 7 2 3 2 11
10000000001100000000000110110111 3 2 5 2 5 2 3 2 11
10000000001100000000000110111101 3 2 5 2 5 2 3 2 11
10000000001100000000000111000011 3 2 5 2 7 2 3 2 7
10000000001100000000000111001001 3 2 5 2 7 2 3 2 11
10000000001100000000000111001111 3 2 5 2 5 2 3 2 11
10000000001100000000000111010101 3 13 3 3 43 3 3 7 3
10000000001100000000000111011011 3 2 5 2 5 2 3 2 11
10000000001100000000000111100001 3 2 5 2 7 2 3 2 11
10000000001100000000000111100111 3 2 5 2 5 2 3 2 7
10000000001100000000000111101101 3 2 5 2 5 2 3 2 11
10000000001100000000000111110011 3 2 5 2 5 2 3 2 11
10000000001100000000000111111001 3 2 5 2 5 2 3 2 11
10000000001100000000000111111111 3 2 3 2 7 2 3 2 3
10000000001100000000001000000101 3 2 3 2 7 2 3 2 3
10000000001000000000000001000011 7 7 5309 73 5 29 79 7 7
10000000000100000000000001010101 7 2 3 2 43 2 73 2 3
10000000001100000000001000010001 3 2 3 2 7 2 3 2 3
10000000001100000000001000010111 3 2 5 2 7 2 3 2 11
10000000001100000000001000011101 3 2 5 2 7 2 3 2 11
10000000000000000000000101100011 3 2 3 2 7 2 3 2 3
10000000000000000000000101101001 3 2 3 2 7 2 3 2 3
10000000000000000000000101101111 3 2 5 2 7 2 3 2 11
10000000000000000000000101110101 3 19 43 3 89 13 3 167 239
10000000000000000000000101111011 3 2 5 2 7 2 3 2 11
10000000000000000000000110000001 3 2 5 2 7 2 3 2 11
10000000000000000000000110000111 3 2 3 2 7 2 3 2 3
10000000000000000000000110001101 3 2 3 2 7 2 3 2 3
10000000000000000000000110010011 3 2 3 2 7 2 3 2 3
10000000000000000000000110011001 3 2 3 2 7 2 3 2 3
10000000000000000000000110011111 3 2 5 2 7 2 3 2 11
10000000000000000000000110100101 3 2 3 2 7 2 3 2 3
10000000001000000000000001010101 5 2 3 2 37 2 5 2 3
10000000000000000000000110110001 3 2 3 2 7 2 3 2 3
10000000000000000000000110110111 3 2 5 2 7 2 3 2 11
10000000000000000000000110111101 3 2 5 2 7 2 3 2 11
10000000000000000000000111000011 3 2 3 2 7 2 3 2 3
10000000000000000000000111001001 3 2 3 2 7 2 3 2 3
10000000000000000000000111001111 3 2 5 2 7 2 3 2 7
10000000000000000000000111011011 3 2 5 2 7 2 3 2 11
10000000000000000000000111100001 3 2 3 2 7 2 3 2 3
10000000000000000000000111100111 3 2 5 2 7 2 3 2 11
10000000000000000000000111101101 3 2 5 2 7 2 3 2 11
10000000000000000000000111110011 3 2 5 2 7 2 3 2 11
10000000000000000000000111111001 3 2 5 2 7 2 3 2 11
10000000000000000000000111111111 3 2 5 2 5 2 3 2 11
10000000000000000000001000000101 3 2 5 2 7 2 3 2 11
10000000001100000000001000110101 3 2 5 2 7 2 3 2 11
10000000001100000000001000111011 3 467 3 3 89 3 3 383 3
10000000000000000000001000010001 3 2 5 2 7 2 3 2 7
10000000001100000000001001000001 3 2 3 2 7 2 3 2 3
10000000000000000000001000010111 3 2 3 2 7 2 3 2 3
10000000000000000000001000011101 3 2 3 2 7 2 3 2 3
10000000000000000000001000100011 3 31 1097 3 5 5 3 53 31
10000000000000000000001000101001 3 7 13 3 5 23 3 37 7
10000000001100000000001001000111 3 2 5 2 7 2 3 2 11
10000000001100000000001001001101 3 2 5 2 7 2 3 2 11
10000000001100000000001001010011 3 2 5 2 7 2 3 2 11
10000000001100000000001001011001 3 2 5 2 7 2 3 2 11
10000000001100000000001001011111 3 2 5 2 5 2 3 2 11
10000000001100000000001001100101 3 2 5 2 7 2 3 2 11
10000000001100000000001001101011 3 157 3 3 11 3 3 101 3
10000000001100000000001001110001 3 2 5 2 7 2 3 2 7
10000000001100000000001001110111 3 2 5 2 5 2 3 2 11
10000000001100000000001001111101 3 2 5 2 5 2 3 2 11
10000000000000000000001000110101 3 2 3 2 7 2 3 2 3
10000000000000000000001000111011 3 5 13 3 31 43 3 11 7
10000000000000000000001001000001 3 2 5 2 7 2 3 2 11
10000000000000000000001001000111 3 2 3 2 7 2 3 2 3
10000000000000000000001001001101 3 2 3 2 7 2 3 2 3
10000000000000000000001001010011 3 2 3 2 7 2 3 2 3
10000000000000000000001001011001 3 2 3 2 7 2 3 2 3
10000000000000000000001001011111 3 2 5 2 7 2 3 2 11
10000000000000000000001001100101 3 2 3 2 7 2 3 2 3
10000000000000000000001001101011 3 161753 7 3 8707 107 3 239 29
10000000000000000000001001110001 3 2 3 2 7 2 3 2 3
10000000000000000000001001110111 3 2 5 2 7 2 3 2 11
10000000000000000000001001111101 3 2 5 2 7 2 3 2 7
10000000000000000000001010001001 3 5 11 3 5 13 3 7 41
10000000000000000000001010010101 3 2 3 2 7 2 3 2 3
10000000000100000000000001111111 7 13 3 31 43 3 29 7 3
10000000000100000000000010000101 89 5 29 7877 5 13 5 17 13
10000000001100000000001010010101 3 2 5 2 7 2 3 2 11
10000000000000000000001010100111 3 41 149 3 59 11 3 11 23
10000000000100000000000010010111 5 809 7 157 17 5 7 11 13
10000000001100000000001010100111 3 13 3 3 43 3 3 7 3
10000000000000000000001010110011 3 5 269 3 72047 23 3 7 181
10000000000000000000001010111001 3 7 13 3 13 5 3 73 7
10000000001000000000000001111111 13 12323 3 271 29 3 5167 6269 3
10000000000100000000000010100011 42509 2 3 2 13 2 17959 2 3
10000000000100000000000010101001 7 2 3 2 11 2 47 2 3
10000000000000000000001011000101 3 2 3 2 7 2 3 2 3
10000000001000000000000010001011 11 2 3 2 6737 2 11 2 3
10000000000000000000001011010001 3 2 3 2 7 2 3 2 3
10000000000000000000001011010111 3 2 5 2 7 2 3 2 11
10000000000000000000001011011101 3 2 5 2 7 2 3 2 11
10000000001000000000000010010111 7 107 71 7 3659 79 7 7 89
10000000001100000000001011000101 3 2 5 2 7 2 3 2 11
10000000000100000000000011000001 643 5 13 76607 5 167393 5 101 127
10000000001100000000001011001011 3 8443 3 3 7069 3 3 151 3
10000000001100000000001011010001 3 2 5 2 7 2 3 2 11
10000000001100000000001011010111 3 2 5 2 5 2 3 2 11
10000000001100000000001011011101 3 2 5 2 5 2 3 2 11
10000000001000000000000010100011 17 2 3 2 421 2 311 2 3
10000000001000000000000010101111 5 2 11 2 37 2 5 2 101
10000000000000000000001011110101 3 2 5 2 7 2 3 2 11
10000000000000000000001011111011 3 11 3 3 2521 3 3 83 3
10000000000000000000001100000001 3 2 5 2 7 2 3 2 11
10000000000000000000001100000111 3 2 3 2 7 2 3 2 3
10000000000000000000001100001101 3 2 3 2 7 2 3 2 3
10000000000000000000001100010011 3 2 3 2 7 2 3 2 3
10000000000000000000001100011001 3 2 3 2 7 2 3 2 3
10000000000000000000001100011111 3 2 5 2 7 2 3 2 11
10000000000000000000001100100101 3 2 3 2 7 2 3 2 3
10000000000000000000001100110001 3 2 3 2 7 2 3 2 3
10000000000000000000001100110111 3 2 5 2 7 2 3 2 11
10000000000000000000001100111101 3 2 5 2 7 2 3 2 11
10000000000000000000001101000011 3 2 3 2 7 2 3 2 3
10000000000000000000001101001001 3 2 3 2 7 2 3 2 3
10000000000000000000001101001111 3 2 5 2 7 2 3 2 11
10000000000000000000001101010101 3 127 7901 3 433 31 3 587 199
10000000000000000000001101011011 3 2 5 2 7 2 3 2 11
10000000000000000000001101100001 3 2 3 2 7 2 3 2 3
10000000000000000000001101100111 3 2 5 2 7 2 3 2 11
10000000000000000000001101101101 3 2 5 2 7 2 3 2 11
10000000000000000000001101110011 3 2 5 2 7 2 3 2 11
10000000000000000000001101111001 3 2 5 2 7 2 3 2 7
10000000001100000000001011110101 3 2 5 2 5 2 3 2 11
10000000001100000000001100000001 3 2 3 2 7 2 3 2 3
10000000001100000000001100000111 3 2 5 2 7 2 3 2 11
10000000001100000000001100001101 3 2 5 2 7 2 3 2 7
10000000001100000000001100010011 3 2 5 2 7 2 3 2 11
10000000001100000000001100011001 3 2 5 2 7 2 3 2 11
10000000001100000000001100011111 3 2 5 2 5 2 3 2 7
10000000001100000000001100100101 3 2 5 2 7 2 3 2 11
10000000001000000000000011000001 7 7 1709 17 5 74831 11 7 7
10000000001100000000001100110001 3 2 5 2 7 2 3 2 11
10000000001100000000001100110111 3 2 5 2 5 2 3 2 11
10000000001100000000001100111101 3 2 5 2 5 2 3 2 11
10000000001100000000001101000011 3 2 5 2 7 2 3 2 11
10000000001100000000001101001001 3 2 5 2 7 2 3 2 11
10000000001100000000001101001111 3 2 5 2 5 2 3 2 11
10000000001100000000001101010101 3 5 3 3 131 3 3 173 3
10000000001100000000001101011011 3 2 5 2 5 2 3 2 11
10000000001100000000001101100001 3 2 5 2 7 2 3 2 11
10000000001100000000001101100111 3 2 5 2 5 2 3 2 11
10000000001100000000001101101101 3 2 5 2 5 2 3 2 11
10000000001100000000001101110011 3 2 5 2 5 2 3 2 11
10000000001100000000001101111001 3 2 5 2 5 2 3 2 11
10000000001100000000001101111111 3 2 3 2 7 2 3 2 3
10000000001100000000001110000101 3 2 5 2 7 2 3 2 11
10000000001000000000000011001101 5 11 7 7 41 5 7 79 487
10000000001000000000000011011001 19 5 37 257 2503 67 5 823 17
10000000001000000000000011011111 313 19 3 7 13 3 8999 53 3
10000000001000000000000011101011 5 2 17 2 37 2 5 2 7
10000000001000000000000011110001 191 47 11 179 23 167 7 37 3571
10000000000100000000000011110001 5 11 1493 7 73 5 7 109 59
10000000000100000000000011110111 17 23 3 11 53 3 269 26959 3
10000000000100000000000011111101 7 5 3 31 43 3 5 7 3
10000000001000000000000011111101 23057 62003 3 19 11 3 41 29 3
10000000001000000000000100010101 7 2 3 2 43 2 73 2 3
10000000001000000000000100011011 13 73 241 11 13 13 7 523 23
10000000000100000000000100100111 7 5 37 733 56747 211 5 7 13
10000000000100000000000100101101 5 7 7 229 59 5 7 11 7
10000000000100000000000100110011 31 61 42467 23 383 23 7 89 63671
10000000000100000000000101010001 7 2 3 2 43 2 5 2 3
10000000001000000000000100111001 3881 11 59 73 24979 17 7 17 17939
10000000001000000000000100111111 7 5 3 31 41 3 5 7 3
10000000001000000000000101000101 5 2 3 2 37 2 5 2 3
10000000001000000000000101001011 19 43 7 7 73 787 7 569 17
10000000000100000000000101011101 11 2 257 2 67 2 17 2 7
10000000000100000000000101111011 7 13 3 31 43 3 73 7 3
10000000000100000000000110000111 5 41 19 7 101 5 7 71 29
10000000001000000000000101110101 23 2 29 2 11 2 17 2 47
10000000001000000000000110000001 5 37 21089 7 5 5 347 3313 109
10000000000100000000000110011111 11 19 3 37 5051 3 11 157 3
10000000000100000000000110100101 5 17597 4507 5197 11 5 7 7 13
10000000001000000000000110010011 7 2753 29 7 17 5399 7 7 5693
10000000001000000000000110011111 5 43 3 29 109 3 193 239 3
10000000001000000000000110101011 83 2 193393 2 13 2 617 2 41
10000000000100000000000111001111 7 5 3 7 43 3 5 7 3
10000000001000000000000110111101 5 13 3 31 13 3 73 7 3
10000000001000000000000111010101 11 2 349 2 109 2 127 2 17
10000000000100000000000111111001 7 13 3 11 13 3 13 7 3
10000000001000000000000111100111 7 13 3 19 19 3 73 7 3
10000000000100000000001000000101 23 7 61 227 5 11 23 223 7
10000000001000000000000111110011 127 5 3 37 11 3 5 17 3
10000000000100000000001000010001 199 67 269 2437 5 113 29 19 173
10000000001000000000000111111111 23 23 23 7 23 13 23 23 349
10000000000100000000001000100011 7 2 3 2 43 2 73 2 3
10000000000100000000001000101001 17 2 3 2 13 2 11 2 3
10000000000100000000001000110101 13 5 331 17 109 2903 5 37 14851
10000000000100000000001001000111 181 331 11 499 19 11 7 19 13
10000000001000000000001000111011 7 2 257 2 17 2 17 2 73
10000000001000000000001001011111 29059 8761 3 17 61 3 23 23 3
10000000001000000000001001100101 7 5 11 467 11 59 5 7 71
10000000000100000000001001100101 11 11 46889 43 149 102407 7 4813 2239
10000000000100000000001001110111 5 13 3 31 43 3 73 7 3
10000000000100000000001001111101 73 2029 3 139 11 3 43573 113 3
10000000000100000000001010000011 13 2 3 2 19 2 1511 2 3
10000000000100000000001010001001 27077 2 3 2 15923 2 23 2 3
10000000000100000000001010100001 7 2 3 2 43 2 73 2 3
10000000001000000000001010001111 5 2 13 2 37 2 5 2 101
10000000000100000000001010101101 37 2 233 2 56041 2 11 2 7
10000000001000000000001010100001 13 2 3 2 11 2 25037 2 3
10000000000100000000001010111111 33203 2 313 2 5 2 1231 2 7
10000000001000000000001010101101 5 2 17 2 29 2 5 2 101
10000000001000000000001011001011 5 2 17 2 37 2 5 2 101
10000000001000000000001011010001 181 13 23 47 773 193327 7 7669 19
10000000000100000000001011100011 41 2 13 2 9973 2 29 2 19
10000000001000000000001011100011 7 2 127 2 11 2 43 2 7
10000000000100000000001011101111 5 2 17 2 5 2 5 2 13
10000000001000000000001011101001 5 2 17 2 37 2 5 2 101
10000000000100000000001011110101 7 13 3 31 43 3 31 7 3
10000000000100000000001100000111 4001 5 23 79 283 39883 5 17 10891
10000000000100000000001100011001 23 103 17 7 17 53 7 29 503
10000000000100000000001100011111 7 13 3 29 13 3 37 7 3
10000000001000000000001100010011 19 367 31 13 23 23 7 20759 293
10000000000100000000001100101011 5 2 61 2 19 2 131 2 7
10000000000100000000001100110001 127 17 11 19531 11 17 7 547 239
10000000000100000000001101000011 71 5 7951 113 1049 13901 5 47 13
10000000000100000000001101001001 5 7 23 23 13 5 7 7 7
10000000001000000000001100110001 7681 67 709 13 19 1097 7 11 229
10000000001000000000001100110111 7 11 3 31 43 3 13 7 3
10000000000100000000001101011011 17 7 3 617 41 3 53 37 3
10000000000100000000001101101101 11 7 3 11 1867 3 263 6173 3
10000000000100000000001101110011 7 13 3 13 11 3 73 7 3
10000000000100000000001110000101 5 41 37 127 17 5 7 79 31
10000000000100000000001110001011 37 2 2287 2 53 2 5 2 383
10000000000100000000001110010111 107 37 3 17 73 3 3719 1439 3
10000000000100000000001110011101 7 13 3 31 19 3 13 7 3
10000000000100000000001110101111 11 2 853 2 5 2 23 2 6317
10000000000100000000001110111011 13 2 37 2 5 2 43 2 7
10000000000100000000001111000111 7 13 3 7 43 3 11 7 3
10000000000100000000001111010011 59 11 3 251 126349 3 29 211 3
10000000001000000000001110001011 7 2 13 2 101 2 89 2 2441
10000000001000000000001110100011 11 2 139 2 107 2 41 2 71
10000000001000000000001110110101 7 5 3 31 43 3 5 7 3
10000000001000000000001110111011 5 2 27479 2 5 2 29 2 31
10000000000100000000001111110001 7 13 3 31 17 3 17 7 3
10000000001000000000001111010011 17 5 3 7 24877 3 5 61 3
10000000001000000000001111011001 5 6379 3 23 71 3 11 44417 3
10000000001000000000001111100101 11 3331 3 7 13 3 191 4271 3
10000000001000000000001111110111 5 103 45887 7 883 5 29 13217 59
10000000000100000000010000100001 19 43 3581 19 5 263 37 13613 157
10000000001000000000010000001001 7 47 59 53 5 131 173 7 47
10000000000100000000010000110011 11 5 7 71 73 17 5 23 53
10000000001000000000010000010101 5 2 3 2 23 2 5 2 3
10000000000100000000010001000101 7 2 3 2 43 2 73 2 3
10000000000100000000010001001011 167 43 1801 11 839 23 7 11 113
10000000000100000000010001010111 5 2 17 2 13 2 5 2 101
10000000000100000000010001101111 7 13 3 31 41 3 73 7 3
10000000000100000000010001110101 5 2 17 2 37 2 5 2 31
10000000000100000000010010000001 859 5 2027 11 5 6047 5 17 71
10000000000100000000010010000111 1777 17 7 127 160009 1069 7 61 13
10000000001000000000010001000101 36007 2 3 2 11 2 5237 2 3
10000000001000000000010001010001 5 2 3 2 37 2 5 2 3
10000000000100000000010010100101 13 23 23 83 733 571 7 1223 31
10000000000100000000010010101011 47 2 89 2 137 2 67 2 509
10000000000100000000010010110111 11 29 3 59 23 3 11 79 3
10000000000100000000010011000011 7 1753 13 19 17 13 7 7 3967
10000000000100000000010011001001 5393 19 397 151 19181 11 7 23 103
10000000000100000000010011010101 31 2 379 2 17 2 1123 2 149
10000000000100000000010011100111 28751 19 3 6133 13 3 57751 17 3
10000000000100000000010011101101 5 11 3 31 43 3 73 7 3
10000000001000000000010001110101 13 2 53 2 10891 2 11 2 79
10000000000100000000010100000101 19 2 3 2 131 2 35759 2 3
10000000000100000000010100010001 61 2 3 2 11 2 5 2 3
10000000001000000000010010011111 17 197 3 43 2269 3 331 101 3
10000000001000000000010010101011 5 2 7 2 37 2 5 2 101
10000000000100000000010100110101 53 2 7 2 13 2 43 2 1471
10000000000100000000010101000001 7 2 3 2 43 2 73 2 3
10000000000100000000010101000111 5 2 17 2 37 2 5 2 13
10000000000100000000010101011001 17 2 257 2 1297 2 17 2 73
10000000000100000000010101011111 137 2 673 2 5 2 59 2 7
10000000000100000000010101100101 5 2 17 2 37 2 5 2 71
10000000000100000000010101101011 7 13 3 23 43 3 23 7 3
10000000001000000000010011001111 43777 5 3 7 17 3 5 431 3
10000000000100000000010101110111 19 2 11 2 5 2 1459 2 16703
10000000000100000000010101111101 11 2 19 2 5 2 67 2 113
10000000001000000000010011100001 3191 17 31 109 211 17 7 557 129587
10000000000100000000010110001001 4549 7 17921 13 47 941 7 11 7
10000000000100000000010110100001 5 37 11 929 131 5 7 151 617
10000000001000000000010100000101 5 2 3 2 37 2 5 2 3
10000000000100000000010111001011 23 5 3 116539 1381 3 5 79 3
10000000001000000000010100010001 13 2 3 2 19 2 5861 2 3
10000000001000000000010100010111 13619 2 53 2 173 2 11 2 1123
10000000001000000000010100011101 29 2 6737 2 419 2 23 2 7
10000000001000000000010100100011 5 31 277 11 30517 5 7 11 1061
10000000000100000000010111101001 7 5 3 19 19 3 5 7 3
10000000001000000000010100101111 7 13 3 31 11 3 29 7 3
10000000000100000000010111110101 113 2 47 2 5 2 11 2 449
10000000001000000000010101000001 5 2 3 2 37 2 5 2 3
10000000000100000000011000000111 83 7 263 29 1607 13 7 23 7
10000000001000000000010101010011 73 2 7 2 23 2 229 2 31
10000000001000000000010101011001 7 2 182687 2 1657 2 31 2 191
10000000001000000000010101011111 5 2 11 2 5 2 5 2 101
10000000001000000000010101110111 3371 2 577 2 5 2 47 2 61
10000000001000000000010101111101 5 2 17 2 5 2 5 2 17
10000000001000000000010110001001 457 5 11 199 11 11 5 467 523
10000000001000000000010110001111 59 307 3 19 23663 3 31 17909 3
10000000000100000000011000111101 7 13 3 31 43 3 73 7 3
10000000001000000000010110100001 761 83443 12713 30829 71 13 7 10631 137
10000000000100000000011001010101 5 2 11 2 37 2 5 2 23
10000000001000000000010110101101 7 13 3 17 43 3 73 7 3
10000000000100000000011001100111 7 5 3 19 43 3 5 7 3
10000000001000000000010111001011 29 11 3 7 11 3 17 947 3
10000000000100000000011001110011 5 101 3 103 1009 3 1637 881 3
10000000001000000000010111010111 5 2 17 2 5 2 5 2 101
10000000001000000000010111011101 1987 2 229 2 5 2 67 2 419
10000000001000000000010111110101 5 2 17 2 5 2 5 2 71
10000000000100000000011010001011 17 2 7 2 673 2 1907 2 7
10000000000100000000011010010111 59 7 3 61 13 3 31 37 3
10000000000100000000011010101111 5 2 17 2 5 2 5 2 7
10000000000100000000011010111011 7 2 43 2 5 2 1663 2 109
10000000000100000000011011001101 5 7 3 17 47 3 11657 103 3
10000000000100000000011011100101 7 13 3 31 43 3 73 7 3
10000000000100000000011011101011 5 2 11 2 5 2 5 2 83
10000000001000000000011000110111 11 811 3 307 11 3 23 11 3
10000000000100000000011100000011 31 5 9967 111827 397 149 5 17 7
10000000000100000000011100001001 5 17 163643 7 11 5 7 2003 41
10000000000100000000011100001111 7 13 3 11 43 3 73 7 3
10000000000100000000011100011011 2063 233 3 7 1409 3 2339 23 3
10000000001000000000011001111001 11 59 3 43 17 3 158371 71 3
10000000000100000000011100111001 7 13 3 31 43 3 47 7 3
10000000001000000000011010000101 193 461 41 19 13 71 7 11 353
10000000001000000000011010001011 5 2 17 2 37 2 5 2 101
10000000001000000000011010010001 41 84857 691 11 11 11 7 13 53
10000000001000000000011010010111 13 19 3 129887 137 3 1597 71 3
10000000000100000000011101000101 5 2 17 2 37 2 5 2 7
10000000000100000000011101001011 11 7 3 19 11 3 17 167 3
10000000000100000000011101010111 17 2 19 2 5 2 439 2 7
10000000000100000000011101100011 5 11 3 31 43 3 11 7 3
10000000001000000000011010101001 5 2 17 2 13 2 5 2 61
10000000001000000000011010111011 11 2 617 2 5 2 11 2 127
10000000000100000000011110000111 13907 157 3 3137 113 3 145967 19 3
10000000000100000000011110001101 7 5 3 31 11 3 5 7 3
10000000001000000000011011000111 5 41 3 7 29 3 163 23 3
10000000001000000000011011100101 5 281 3 11 17 3 107 47 3
10000000001000000000011100001111 181 61 3 661 1193 3 2909 11 3
10000000000100000000011111010101 173 2 163 2 5 2 17 2 7
10000000000100000000011111011011 5 7 7 1543 13 5 2179 19 7
10000000000100000000011111100001 7 13 3 31 43 3 61 7 3
10000000001000000000011100100111 7 13 3 31 17 3 73 7 3
10000000001000000000011100101101 421 7 3 11 353 3 11 29 3
10000000001000000000011100111001 41611 5 3 7 179 3 5 149 3
10000000001000000000011101011101 5 2 7 2 5 2 5 2 7
10000000000100000000100000001011 7 2 3 2 43 2 73 2 3
10000000000100000000100000100011 17 2 3 2 71 2 17 2 3
10000000000100000000100000101001 5581 2 3 2 17377 2 43 2 3
10000000001000000000011110011001 5 7 3 2083 11 3 1489 3761 3
10000000001000000000011110011111 167 59 7 80809 13 31 883 997 13
10000000001000000000011110100101 7 13 3 31 43 3 73 7 3
10000000001000000000011110111101 599 7 180413 23 4273 1319 17 4507 7
10000000001000000000011111010101 5 2 17 2 5 2 5 2 101
10000000001000000000011111100001 283 421 3 17 41 3 14461 23 3
10000000001000000000100000100011 7 2 3 2 43 2 73 2 3
10000000001000000000100000101111 5 2 17 2 37 2 5 2 101
10000000001000000000100000111011 829 2 157 2 79 2 23 2 31
10000000001000000000100001000111 11 7 73 97 11 47 7 23 7
10000000001000000000100001101011 5 2 17 2 13 2 5 2 19
10000000001000000000100001110001 373 23 149 7 1283 401 7 1999 61
10000000001000000000100001110111 7 13 3 31 43 3 43 7 3
10000000001000000000100010000011 29 2 3 2 11 2 5237 2 3
10000000001000000000100010001001 5 2 3 2 13 2 11 2 3
10000000001000000000100010011011 17 2 7 2 1297 2 17 2 73
10000000001000000000100010100001 7 2 3 2 43 2 17 2 3
10000000001000000000100010100111 5 2 17 2 23 2 5 2 7
10000000001000000000100010111001 13 2 167 2 29 2 8467 2 17
10000000001000000000100010111111 73 2 179 2 5 2 67 2 7057
10000000001000000000100011001011 7 2 139 2 67 2 11 2 7
10000000001000000000100011100011 5 2 17 2 17 2 5 2 13
10000000001000000000100011101001 1409 2 97 2 47 2 71 2 5347
10000000001000000000100011110101 7 13 3 31 17 3 73 7 3
10000000001000000000100011111011 397 2 38923 2 5 2 157 2 41
10000000001000000000100100000111 13 23 523 7 29 347 7 11 113
10000000001000000000100100001101 11 5 29 41 11 31 5 93893 170047
10000000001000000000100100011111 5 13 3 31 43 3 73 7 3
