Case #1:
1000000000000001 3 2 5 2 7 2 3 2 7
1000000000000111 3 2 5 2 7 2 3 2 11
1000000000001101 3 2 5 2 7 2 3 2 11
1000000000010011 3 2 5 2 7 2 3 2 7
1000000000011001 3 2 5 2 7 2 3 2 11
1000000000011111 3 2 3 2 7 2 3 2 3
1000001000000000000001 73 103 3 19 19 3 41 11 3
1000000000100101 3 2 5 2 7 2 3 2 7
1000000000101011 3 7 13 3 5 43 3 73 7
1000000000110001 3 2 5 2 7 2 3 2 11
1000000000110111 3 2 3 2 7 2 3 2 3
1000000000111101 3 2 3 2 7 2 3 2 3
1100001000000000000001 3 2 5 2 7 2 3 2 11
1000000001000011 3 2 5 2 7 2 3 2 11
1100001000000000000111 3 2 3 2 7 2 3 2 3
1100001000000000001101 3 2 3 2 7 2 3 2 3
1100001000000000010011 3 2 3 2 7 2 3 2 3
1100001000000000011001 3 2 3 2 7 2 3 2 3
1100001000000000011111 3 2 5 2 7 2 3 2 11
1100001000000000100101 3 2 3 2 7 2 3 2 3
1100001000000000110001 3 2 3 2 7 2 3 2 3
1100001000000000110111 3 2 5 2 7 2 3 2 11
1100001000000000111101 3 2 5 2 7 2 3 2 11
1100001000000001000011 3 2 3 2 7 2 3 2 3
1100001000000001001001 3 2 3 2 7 2 3 2 3
100001000000000001101 911 5 7 7 5 211 5 31 1223
100001000000000010011 443 23 137 229 5 11 79 107 797
100001000000000101011 17 2 3 2 1297 2 17 2 3
100001000000000111101 5 11 43 19 401 5 7 53 71
1000001000000000101011 11 2 3 2 29 2 677 2 3
1000001000000000110001 109 5 1549 47 5 83 5 353 1583
1000001000000001001111 1009 29 19 127 71 17 7 31 31
1000001000000001010101 5 2 3 2 23 2 5 2 3
1000001000000001100001 53 13 11 193 5 23 659 113 17
1000001000000001100111 7 5 31 17 17 11 5 7 8069
1000001000000010001011 61 2 3 2 131 2 19793 2 3
1000001000000010011101 59 5 7 179 11 17 5 103 7
1000001000000010100011 17 2 3 2 91957 2 499 2 3
1000001000000010101001 13 2 3 2 1307 2 17 2 3
1000001000000010101111 5 2 17 2 23 2 5 2 101
100001000000010010111 5 7 153701 156329 17 5 7 19777 7
100001000000010100011 7 2 3 2 43 2 73 2 3
100001000000011011111 229 5 3 19 17029 3 5 67 3
100001000000011101011 43 2 401 2 313 2 347 2 23
100001000000011110111 7 13 3 31 23 3 29 7 3
100001000000100001001 101 263 7 7 5 331 13 63281 71
100001000000100010101 23 2 3 2 79 2 5 2 3
100001000000100011011 487 14423 17 7 307 11 7 409 41
