100
2 3 2
1 1 1
2 1 2
3 2 3
43 11 43
68 3 68
1 86 1
1 2 1
80 8 80
90 3 90
34 11 34
100 3 100
9 12 9
100 9 100
100 1 100
39 3 39
27 8 27
1 11 1
1 38 1
89 2 89
14 11 14
100 4 100
2 2 2
90 5 90
79 1 79
92 3 92
22 2 22
1 24 1
69 3 69
46 7 46
72 9 72
10 6 10
71 7 71
78 8 78
16 11 16
53 2 53
3 3 3
73 2 73
82 3 82
100 2 100
3 4 3
21 3 21
6 1 6
52 9 52
53 10 53
11 9 11
89 9 89
10 18 10
14 7 14
6 20 6
95 8 95
72 1 72
10 1 10
2 49 2
1 57 1
1 15 1
19 6 19
3 37 3
2 59 2
88 9 88
87 5 87
10 5 10
1 65 1
12 16 12
4 4 4
1 77 1
4 29 4
99 5 99
1 60 1
4 2 4
30 2 30
17 14 17
1 84 1
11 4 11
4 3 4
97 1 97
2 4 2
47 1 47
1 42 1
1 4 1
94 4 94
95 7 95
39 11 39
3 1 3
41 8 41
1 100 1
92 4 92
1 3 1
16 4 16
94 3 94
28 12 28
4 1 4
7 20 7
5 4 5
75 8 75
26 5 26
14 2 14
81 6 81
52 7 52
54 10 54
