54
19 18 18 17 21 14 22 15
19 17 18 17 18 18 19 18
22 23 18 23 18 19 22 19
15 20 18 17 15 14 12 17
11 13 12 13 12 12 11 12
11 14 12 13 11 12 10 13
15 10 12 13 15 16 18 13
21 24 22 23 20 21 19 22
19 11 19 12 18 12 18 11
11 21 8 18 12 14 15 17
11 20 9 20 9 14 11 14
17 20 17 24 21 24 21 20
16 21 18 23 19 22 17 20
15 21 15 24 16 24 16 21
10 19 9 20 10 21 11 20
10 18 8 18 8 19 10 19
20 14 18 14 18 13 20 13
21 13 20 14 18 12 19 11
10 22 10 21 11 21 11 22
16 17 18 19 17 20 15 18
12 19 12 18 15 18 15 19
13 25 14 24 11 21 10 22
14 25 14 24 13 24 13 25
16 16 15 16 15 17 16 17
15 9 18 12 15 15 12 12
17 19 18 18 16 16 15 17
10 17 12 17 12 18 10 18
6 17 8 15 10 17 8 19
10 15 12 17 10 19 8 17
18 10 18 11 15 11 15 10
6 18 8 18 8 17 6 17
8 20 6 18 8 16 10 18
15 8 18 11 15 14 12 11
21 15 20 14 18 16 19 17
8 13 8 15 10 15 10 13
14 17 12 15 10 17 12 19
7 14 8 15 9 14 8 13
22 14 22 13 21 13 21 14
23 15 22 14 21 15 22 16
23 14 22 14 22 15 23 15
21 12 22 13 21 14 20 13
24 13 23 14 22 13 23 12
22 11 22 13 24 13 24 11
14 23 15 24 14 25 13 24
13 22 14 23 16 21 15 20
23 10 22 11 23 12 24 11
21 10 23 10 23 12 21 12
20 9 18 11 19 12 21 10
11 24 11 22 13 22 13 24
10 23 11 22 12 23 11 24
13 21 10 18 12 16 15 19
13 20 13 21 11 21 11 20
20 8 15 8 15 9 20 9
21 9 20 8 18 10 19 11
