55
14 24 15 24 15 22 14 22
20 10 21 10 21 13 20 13
22 17 15 24 13 22 20 15
16 24 15 24 15 25 16 25
22 16 22 17 20 17 20 16
24 17 22 17 22 18 24 18
9 13 14 13 14 14 9 14
23 26 22 26 22 25 23 25
20 24 22 26 23 25 21 23
24 25 23 25 23 22 24 22
22 19 24 17 26 19 24 21
9 23 9 26 21 26 21 23
4 21 9 26 13 22 8 17
15 15 15 14 14 14 14 15
24 16 26 14 23 11 21 13
18 9 18 10 20 10 20 9
16 10 18 10 18 14 16 14
17 9 18 10 17 11 16 10
17 21 16 22 11 17 12 16
19 21 17 21 17 24 19 24
17 19 14 22 16 24 19 21
16 18 16 22 20 22 20 18
14 16 14 15 12 15 12 16
12 17 14 15 16 17 14 19
4 20 10 20 10 21 4 21
15 17 12 20 13 21 16 18
20 25 20 24 19 24 19 25
12 19 14 19 14 17 12 17
25 21 24 21 24 22 25 22
17 17 16 17 16 15 17 15
17 20 14 17 12 19 15 22
25 9 26 9 26 8 25 8
18 15 20 17 22 15 20 13
20 14 18 14 18 15 20 15
10 11 17 11 17 9 10 9
17 13 18 14 17 15 16 14
27 19 24 16 22 18 25 21
27 14 26 14 26 19 27 19
8 11 12 15 14 13 10 9
8 12 8 11 10 11 10 12
24 15 24 16 22 16 22 15
15 13 14 14 15 15 16 14
22 27 23 26 22 25 21 26
22 20 24 18 22 16 20 18
28 11 26 9 22 13 24 15
21 27 22 27 22 26 21 26
21 15 21 13 22 13 22 15
22 23 21 22 19 24 20 25
25 24 23 22 22 23 24 25
10 22 10 21 13 21 13 22
18 16 20 18 19 19 17 17
22 21 23 21 23 22 22 22
11 16 11 17 12 17 12 16
25 12 27 14 24 17 22 15
21 20 22 20 22 21 21 21
