41
22 32 25 32 25 33 22 33
30 22 29 23 25 19 26 18
35 26 31 26 31 24 35 24
30 23 29 23 29 22 30 22
22 29 25 32 31 26 28 23
22 17 22 23 23 23 23 17
24 25 22 23 12 33 14 35
20 21 22 23 27 18 25 16
24 35 34 25 35 26 25 36
34 35 34 25 24 25 24 35
20 27 22 29 21 30 19 28
14 24 22 32 21 33 13 25
13 15 17 15 17 25 13 25
24 8 17 15 24 22 31 15
33 16 33 14 25 14 25 16
28 19 33 14 32 13 27 18
33 12 32 12 32 13 33 13
28 21 32 21 32 19 28 19
29 20 28 21 27 20 28 19
27 22 28 21 29 22 28 23
23 8 24 8 24 14 23 14
31 20 32 21 30 23 29 22
15 24 14 24 14 20 15 20
32 30 32 23 30 23 30 30
33 22 32 23 34 25 35 24
19 21 19 27 20 27 20 21
33 30 33 22 36 22 36 30
16 19 16 16 25 16 25 19
21 23 25 19 23 17 19 21
26 40 19 33 29 23 36 30
29 29 25 33 19 27 23 23
37 23 36 22 29 29 30 30
37 21 37 23 32 23 32 21
39 19 37 21 31 15 33 13
34 17 33 16 31 18 32 19
15 16 16 16 16 12 15 12
10 17 20 27 25 22 15 12
10 16 15 16 15 17 10 17
14 14 16 16 15 17 13 15
21 32 30 23 31 24 22 33
19 32 21 32 21 33 19 33
