70
12 20 16 20 16 21 12 21
17 20 16 20 16 19 17 19
18 19 18 17 17 17 17 19
17 21 16 20 17 19 18 20
26 32 26 30 28 30 28 32
24 30 26 30 26 28 24 28
16 28 16 29 13 29 13 28
20 18 20 20 19 20 19 18
20 22 20 20 21 20 21 22
24 24 20 20 18 22 22 26
28 13 27 13 27 12 28 12
24 15 22 17 25 20 27 18
26 14 27 13 26 12 25 13
29 31 29 32 30 32 30 31
28 33 29 32 24 27 23 28
22 27 22 26 20 26 20 27
17 13 17 12 18 12 18 13
18 11 17 12 18 13 19 12
21 29 20 29 20 28 21 28
23 27 22 26 20 28 21 29
17 32 20 29 16 25 13 28
16 32 16 29 17 29 17 32
21 30 20 29 21 28 22 29
17 25 17 21 16 21 16 25
18 21 17 21 17 20 18 20
29 29 28 30 27 29 28 28
22 15 19 18 18 17 21 14
25 14 26 14 26 13 25 13
28 29 28 30 29 30 29 29
13 15 13 17 14 17 14 15
18 15 18 17 22 17 22 15
14 18 13 17 12 18 13 19
16 16 16 13 17 13 17 16
15 14 16 13 18 15 17 16
18 14 15 14 15 15 18 15
27 15 26 14 25 15 26 16
32 29 33 29 33 27 32 27
26 15 26 14 27 14 27 15
14 13 15 14 14 15 13 14
13 13 14 13 14 12 13 12
11 15 13 17 15 15 13 13
26 24 24 26 22 24 24 22
25 27 24 26 23 27 24 28
22 20 20 22 18 20 20 18
25 17 22 17 22 20 25 20
31 31 33 29 31 27 29 29
27 33 26 32 27 31 28 32
13 18 12 18 12 19 13 19
28 15 28 14 29 14 29 15
31 11 30 11 30 12 31 12
14 22 14 24 18 24 18 22
13 22 14 22 14 19 13 19
12 31 14 33 20 27 18 25
29 10 30 11 28 13 27 12
13 23 14 22 12 20 11 21
30 10 30 11 29 11 29 10
12 26 14 24 13 23 11 25
32 12 33 13 30 16 29 15
30 23 32 23 32 22 30 22
29 19 26 16 25 17 28 20
35 20 32 23 30 21 33 18
19 13 18 12 17 13 18 14
23 29 24 28 25 29 24 30
15 17 15 16 16 16 16 17
13 26 13 28 12 28 12 26
13 24 13 26 14 26 14 24
9 30 13 26 16 29 12 33
15 18 14 17 13 18 14 19
33 15 32 16 29 13 30 12
32 13 33 13 33 15 32 15
