70
20 16 21 16 21 14 20 14
22 31 24 33 22 35 20 33
25 14 22 17 21 16 24 13
18 36 15 39 13 37 16 34
13 13 14 13 14 15 13 15
28 32 29 32 29 29 28 29
24 32 24 33 28 33 28 32
22 30 22 26 21 26 21 30
23 26 22 26 22 25 23 25
20 28 22 26 21 25 19 27
27 21 23 25 22 24 26 20
37 14 37 15 38 15 38 14
30 22 37 15 36 14 29 21
38 16 37 15 38 14 39 15
24 26 23 25 22 26 23 27
37 25 37 24 36 24 36 25
41 20 37 24 35 22 39 18
39 26 37 24 36 25 38 27
14 18 17 21 16 22 13 19
16 21 17 21 17 22 16 22
19 16 19 18 20 18 20 16
18 18 19 18 19 20 18 20
17 16 19 18 17 20 15 18
19 29 20 29 20 28 19 28
23 29 20 29 20 33 23 33
25 43 20 38 24 34 29 39
20 35 20 38 21 38 21 35
16 24 15 23 16 22 17 23
13 18 13 17 14 17 14 18
16 14 13 17 14 18 17 15
36 27 36 25 35 25 35 27
24 35 22 35 22 34 24 34
27 27 25 25 24 26 26 28
14 22 16 22 16 24 14 24
24 27 24 26 23 26 23 27
17 19 14 22 13 21 16 18
34 36 35 35 36 36 35 37
13 23 14 22 15 23 14 24
34 35 35 35 35 36 34 36
15 33 15 32 14 32 14 33
25 36 24 35 22 37 23 38
24 43 25 43 25 39 24 39
34 19 34 21 37 21 37 19
33 20 34 19 35 20 34 21
30 19 34 19 34 17 30 17
31 22 33 20 30 17 28 19
18 27 18 28 19 28 19 27
14 31 15 32 19 28 18 27
32 22 31 22 31 24 32 24
22 20 22 19 23 19 23 20
24 17 22 19 19 16 21 14
24 19 24 17 23 17 23 19
39 36 39 35 38 35 38 36
21 19 22 19 22 17 21 17
24 16 24 17 25 17 25 16
38 34 39 35 38 36 37 35
13 16 14 15 15 16 14 17
26 12 28 14 27 15 25 13
27 14 28 14 28 15 27 15
14 27 14 24 13 24 13 27
29 15 28 14 29 13 30 14
18 24 17 23 18 22 19 23
37 34 37 35 38 35 38 34
18 23 17 23 17 22 18 22
36 35 37 35 37 36 36 36
35 34 35 35 36 35 36 34
13 33 14 33 14 37 13 37
33 15 33 13 32 13 32 15
34 23 33 22 34 21 35 22
18 37 14 33 15 32 19 36
