70
25 22 26 21 24 19 23 20
26 19 26 21 25 21 25 19
16 21 15 21 15 18 16 18
31 21 26 21 26 22 31 22
12 24 15 21 18 24 15 27
12 21 15 21 15 24 12 24
16 30 15 30 15 29 16 29
14 31 15 30 16 31 15 32
14 30 15 30 15 31 14 31
14 29 15 30 16 29 15 28
25 32 25 34 24 34 24 32
44 39 44 38 42 38 42 39
46 36 44 38 42 36 44 34
25 36 25 34 27 34 27 36
23 36 25 34 21 30 19 32
26 33 25 34 26 35 27 34
37 16 37 17 38 17 38 16
32 30 34 30 34 31 32 31
38 34 34 30 36 28 40 32
27 37 34 30 31 27 24 34
22 24 22 28 21 28 21 24
24 28 22 28 22 29 24 29
37 27 37 26 38 26 38 27
32 26 37 26 37 24 32 24
35 28 37 26 33 22 31 24
15 17 15 16 16 16 16 17
35 30 34 30 34 28 35 28
27 25 29 27 28 28 26 26
16 43 17 44 18 43 17 42
17 43 17 44 16 44 16 43
14 17 15 16 16 17 15 18
28 27 29 27 29 25 28 25
17 41 21 41 21 40 17 40
22 41 21 41 21 42 22 42
22 40 21 41 19 39 20 38
41 26 40 27 42 29 43 28
44 26 44 24 45 24 45 26
19 43 21 41 22 42 20 44
44 23 44 24 42 24 42 23
34 15 34 16 32 16 32 15
36 18 34 16 31 19 33 21
38 18 37 17 36 18 37 19
40 18 38 18 38 17 40 17
13 35 17 39 21 35 17 31
37 18 37 17 36 17 36 18
39 22 40 22 40 21 39 21
42 22 40 22 40 23 42 23
43 19 40 22 39 21 42 18
38 24 40 22 42 24 40 26
20 45 21 45 21 44 20 44
41 33 41 32 42 32 42 33
40 34 41 33 42 34 41 35
31 35 33 37 34 36 32 34
32 37 33 37 33 34 32 34
43 30 41 32 42 33 44 31
34 38 33 37 30 40 31 41
46 37 44 37 44 36 46 36
26 42 25 42 25 41 26 41
38 31 44 37 42 39 36 33
24 43 25 42 23 40 22 41
35 14 37 16 36 17 34 15
16 42 17 43 16 44 15 43
41 18 40 17 42 15 43 16
28 24 28 25 27 25 27 24
39 26 40 26 40 27 39 27
38 25 37 26 38 27 39 26
21 23 21 22 19 22 19 23
21 38 21 40 22 40 22 38
40 19 41 18 42 19 41 20
30 43 29 44 30 45 31 44
