70
40 21 38 23 36 21 38 19
38 26 38 23 37 23 37 26
23 24 23 25 13 25 13 24
27 15 27 13 26 13 26 15
28 12 27 13 28 14 29 13
23 12 28 12 28 14 23 14
21 27 23 25 19 21 17 23
27 21 23 25 28 30 32 26
22 32 22 35 21 35 21 32
6 30 15 39 22 32 13 23
15 15 14 15 14 20 15 20
22 38 22 35 25 35 25 38
28 24 28 30 29 30 29 24
28 15 28 14 30 14 30 15
17 20 17 23 24 23 24 20
13 34 14 33 15 34 14 35
9 28 14 33 18 29 13 24
9 31 9 28 24 28 24 31
30 21 32 23 31 24 29 22
32 25 32 23 34 23 34 25
23 26 23 25 32 25 32 26
27 28 24 28 24 23 27 23
23 27 24 28 28 24 27 23
35 26 35 28 32 28 32 26
30 31 35 26 34 25 29 30
32 31 35 28 37 30 34 33
25 30 18 30 18 29 25 29
33 39 33 33 34 33 34 39
39 26 39 28 38 28 38 26
31 20 34 23 36 21 33 18
28 31 28 30 25 30 25 31
26 32 28 30 35 37 33 39
23 32 26 32 26 27 23 27
13 36 14 35 16 37 15 38
28 32 25 29 22 32 25 35
26 35 26 32 27 32 27 35
38 13 36 13 36 15 38 15
13 14 13 21 16 21 16 14
22 15 22 14 23 14 23 15
34 15 36 13 38 15 36 17
37 32 38 32 38 30 37 30
42 28 38 32 33 27 37 23
25 20 27 22 32 17 30 15
19 18 24 23 27 20 22 15
25 15 25 20 24 20 24 15
25 21 25 20 27 20 27 21
17 38 17 39 15 39 15 38
21 43 17 39 21 35 25 39
14 43 14 35 21 35 21 43
17 46 25 38 22 35 14 43
39 19 39 23 38 23 38 19
20 46 17 46 17 39 20 39
21 26 21 27 23 27 23 26
22 16 23 15 22 14 21 15
30 22 29 22 29 21 30 21
22 17 22 16 32 16 32 17
16 23 22 17 25 20 19 26
27 19 27 15 28 15 28 19
27 46 34 39 27 32 20 39
39 36 39 34 37 34 37 36
17 18 20 21 26 15 23 12
42 34 39 34 39 28 42 28
31 21 30 22 37 29 38 28
12 17 14 15 17 18 15 20
27 36 31 32 30 31 26 35
26 37 27 36 29 38 28 39
29 37 29 38 26 38 26 37
31 31 33 33 29 37 27 35
26 18 27 19 25 21 24 20
35 30 35 37 29 37 29 30
