70
22 20 20 20 20 22 22 22
26 25 26 21 25 21 25 25
19 19 20 20 18 22 17 21
28 19 26 21 24 19 26 17
22 16 22 17 26 17 26 16
18 13 22 17 18 21 14 17
19 8 19 9 22 9 22 8
22 6 19 9 23 13 26 10
23 24 23 25 22 25 22 24
27 22 26 21 23 24 24 25
17 22 17 21 18 21 18 22
21 27 23 25 22 24 20 26
17 17 17 21 14 21 14 17
15 19 17 21 15 23 13 21
17 4 13 8 18 13 22 9
20 23 20 22 18 22 18 23
21 23 20 22 21 21 22 22
12 16 12 18 18 18 18 16
11 17 12 18 10 20 9 19
9 18 12 18 12 19 9 19
15 11 19 11 19 9 15 9
16 12 19 9 18 8 15 11
18 12 19 11 16 8 15 9
21 13 19 11 22 8 24 10
9 9 9 10 13 10 13 9
13 17 13 10 14 10 14 17
24 9 24 10 26 10 26 9
16 4 16 8 17 8 17 4
24 21 24 19 25 19 25 21
27 17 26 16 24 18 25 19
10 17 10 20 11 20 11 17
21 12 18 12 18 13 21 13
12 21 13 21 13 19 12 19
20 25 24 21 22 19 18 23
15 14 18 14 18 15 15 15
16 13 15 14 12 11 13 10
22 13 22 14 23 14 23 13
12 15 14 17 12 19 10 17
27 10 26 9 22 13 23 14
17 24 18 23 17 22 16 23
20 14 22 14 22 16 20 16
12 12 12 13 16 13 16 12
13 22 13 23 8 23 8 22
11 25 13 23 10 20 8 22
21 15 22 14 21 13 20 14
13 25 13 23 14 23 14 25
19 17 18 16 17 17 18 18
15 22 14 21 13 22 14 23
11 26 10 26 10 25 11 25
23 10 22 9 23 8 24 9
23 19 22 18 21 19 22 20
23 6 23 8 22 8 22 6
15 25 17 25 17 24 15 24
11 11 13 9 14 10 12 12
23 18 22 18 22 19 23 19
17 26 17 25 19 25 19 26
19 28 22 25 20 23 17 26
15 27 17 25 15 23 13 25
20 28 20 26 19 26 19 28
26 13 23 10 22 11 25 14
24 14 24 18 23 18 23 14
11 27 15 27 15 26 11 26
27 12 27 10 26 10 26 12
28 14 26 16 24 14 26 12
19 16 22 13 21 12 18 15
20 17 20 16 19 16 19 17
9 24 12 21 13 22 10 25
17 28 19 26 17 24 15 26
20 18 21 17 20 16 19 17
26 15 25 14 22 17 23 18
