65
24 19 21 16 22 15 25 18
21 15 21 16 22 16 22 15
17 13 23 13 23 21 17 21
26 25 26 27 21 27 21 25
27 26 26 27 25 26 26 25
19 9 23 13 21 15 17 11
16 8 17 9 11 15 10 14
17 8 17 9 16 9 16 8
17 29 21 25 17 21 13 25
10 13 14 13 14 14 10 14
18 17 14 13 17 10 21 14
18 15 18 17 12 17 12 15
24 23 18 17 14 21 20 27
12 11 14 13 12 15 10 13
26 9 27 10 22 15 21 14
23 9 23 13 26 13 26 9
19 10 19 9 17 9 17 10
11 26 11 23 24 23 24 26
11 27 10 27 10 26 11 26
9 25 11 23 12 24 10 26
9 26 10 27 11 26 10 25
32 18 24 26 16 18 24 10
12 22 12 18 13 18 13 22
8 14 12 18 17 13 13 9
22 19 24 19 24 16 22 16
25 24 25 18 21 18 21 24
27 14 22 19 21 18 26 13
25 17 24 16 16 24 17 25
21 17 22 16 21 15 20 16
9 24 12 24 12 22 9 22
24 14 24 10 27 10 27 14
26 18 25 18 25 17 26 17
32 25 26 25 26 18 32 18
27 17 26 18 25 17 26 16
8 16 9 16 9 14 8 14
27 16 26 16 26 17 27 17
27 24 25 24 25 26 27 26
14 22 14 21 17 21 17 22
14 25 14 22 13 22 13 25
8 17 9 16 14 21 13 22
8 18 12 18 12 17 8 17
7 19 11 23 12 22 8 18
8 21 12 17 13 18 9 22
14 29 14 25 17 25 17 29
28 21 25 24 24 23 27 20
10 28 11 27 10 26 9 27
9 28 10 28 10 27 9 27
20 17 20 16 21 16 21 17
18 18 18 17 20 17 20 18
19 14 21 16 20 17 18 15
16 20 18 18 19 19 17 21
14 19 14 14 19 14 19 19
24 20 21 17 20 18 23 21
8 19 14 19 14 21 8 21
7 18 8 18 8 19 7 19
27 19 24 19 24 20 27 20
28 26 23 21 22 22 27 27
20 9 19 10 26 17 27 16
19 22 19 19 22 19 22 22
19 25 17 25 17 22 19 22
24 21 22 19 19 22 21 24
28 23 24 23 24 21 28 21
28 27 27 27 27 26 28 26
28 19 26 17 25 18 27 20
28 17 27 17 27 19 28 19
