70
19 19 19 18 20 18 20 19
18 23 18 26 16 26 16 23
15 22 19 18 20 19 16 23
20 24 18 26 13 21 15 19
15 8 13 8 13 9 15 9
21 14 21 9 24 9 24 14
22 11 22 10 23 10 23 11
14 18 22 10 23 11 15 19
14 6 19 11 14 16 9 11
11 15 11 16 12 16 12 15
12 17 11 16 12 15 13 16
9 14 11 16 10 17 8 15
9 10 13 10 13 9 9 9
8 11 9 10 11 12 10 13
8 14 8 11 9 11 9 14
14 11 13 10 11 12 12 13
16 13 16 15 12 15 12 13
18 11 16 13 14 11 16 9
20 25 15 25 15 24 20 24
18 15 16 13 13 16 15 18
13 27 15 25 14 24 12 26
22 18 15 25 16 26 23 19
20 11 20 15 22 15 22 11
19 10 19 11 20 11 20 10
18 13 20 15 21 14 19 12
13 19 12 20 8 16 9 15
13 17 13 19 12 19 12 17
12 21 13 21 13 22 12 22
25 18 23 20 21 18 23 16
11 21 12 20 13 21 12 22
26 18 25 18 25 13 26 13
24 18 25 18 25 21 24 21
25 22 24 21 23 22 24 23
15 21 13 21 13 19 15 19
23 25 25 25 25 22 23 22
16 22 15 21 13 23 14 24
22 28 16 22 19 19 25 25
16 19 16 22 19 22 19 19
20 28 22 28 22 25 20 25
23 18 20 15 16 19 19 22
15 16 15 18 14 18 14 16
11 14 9 14 9 15 11 15
16 11 15 11 15 9 16 9
25 11 25 13 23 13 23 11
30 20 24 14 20 18 26 24
20 16 15 11 14 12 19 17
25 10 26 11 22 15 21 14
26 10 26 11 25 11 25 10
14 14 13 14 13 16 14 16
12 12 15 9 17 11 14 14
21 24 22 25 21 26 20 25
13 26 13 23 12 23 12 26
22 24 22 18 21 18 21 24
16 27 16 26 13 26 13 27
26 22 23 25 22 24 25 21
15 28 13 26 14 25 16 27
30 19 30 20 23 20 23 19
24 16 24 18 23 18 23 16
9 18 10 17 12 19 11 20
11 25 14 25 14 24 11 24
10 24 12 22 13 23 11 25
10 20 10 21 11 21 11 20
14 28 14 25 15 25 15 28
9 19 10 20 13 17 12 16
9 21 10 21 10 24 9 24
11 22 10 21 11 20 12 21
11 11 12 12 9 15 8 14
11 7 13 9 11 11 9 9
26 21 26 22 25 22 25 21
13 6 11 8 13 10 15 8
