60
22 17 26 21 21 26 17 22
26 13 26 21 29 21 29 13
24 28 24 27 25 27 25 28
27 20 26 21 29 24 30 23
17 20 16 20 16 16 17 16
26 28 25 29 24 28 25 27
26 29 25 29 25 28 26 28
28 22 29 23 28 24 27 23
11 27 15 27 15 26 11 26
18 30 15 27 17 25 20 28
23 23 20 26 13 19 16 16
12 15 12 13 14 13 14 15
11 14 12 13 13 14 12 15
22 13 22 17 24 17 24 13
20 17 22 17 22 18 20 18
14 11 14 13 15 13 15 11
17 10 14 13 17 16 20 13
19 13 19 18 15 18 15 13
23 15 14 15 14 23 23 23
20 21 18 19 19 18 21 20
13 24 13 28 12 28 12 24
15 22 15 25 17 25 17 22
14 24 15 25 12 28 11 27
10 21 13 21 13 19 10 19
23 11 13 21 17 25 27 15
27 19 28 18 30 20 29 21
19 26 20 26 20 21 19 21
30 19 30 20 27 20 27 19
16 10 15 11 18 14 19 13
18 10 23 15 20 18 15 13
17 14 18 14 18 10 17 10
21 10 17 14 20 17 24 13
21 28 20 28 20 26 21 26
26 22 20 28 21 29 27 23
27 11 27 15 23 15 23 11
24 21 26 21 26 22 24 22
30 24 29 24 29 23 30 23
13 17 13 14 11 14 11 17
18 17 13 17 13 19 18 19
18 25 24 25 24 27 18 27
30 25 29 24 25 28 26 29
23 29 21 29 21 28 23 28
13 23 14 23 14 24 13 24
17 21 14 24 13 23 16 20
12 22 11 23 12 24 13 23
12 18 15 18 15 22 12 22
12 16 13 17 12 18 11 17
11 20 14 23 13 24 10 21
17 26 14 23 15 22 18 25
24 29 23 28 24 27 25 28
18 28 18 27 15 27 15 28
21 31 18 28 20 26 23 29
34 14 30 10 22 18 26 22
20 29 18 27 19 26 21 28
20 31 20 29 21 29 21 31
18 29 20 29 20 28 18 28
16 31 13 28 15 26 18 29
24 10 24 13 26 13 26 10
16 29 18 27 17 26 15 28
16 30 18 30 18 29 16 29
