48
21 19 21 16 18 16 18 19
21 8 22 8 22 12 21 12
20 15 21 16 18 19 17 18
10 20 22 8 25 11 13 23
17 26 18 26 18 25 17 25
22 22 18 26 17 25 21 21
12 13 12 16 15 16 15 13
11 16 12 16 12 20 11 20
14 18 12 16 15 13 17 15
8 17 12 13 15 16 11 20
13 4 8 9 12 13 17 8
17 10 17 12 19 12 19 10
19 14 17 12 19 10 21 12
13 10 13 8 16 8 16 10
16 13 17 12 14 9 13 10
12 26 13 26 13 23 12 23
25 23 26 23 26 11 25 11
24 23 25 23 25 25 24 25
27 21 25 23 21 19 23 17
16 21 18 19 19 20 17 22
8 14 17 14 17 15 8 15
10 13 8 11 10 9 12 11
8 20 9 19 10 20 9 21
8 19 9 19 9 20 8 20
10 21 10 20 9 20 9 21
18 22 16 24 12 20 14 18
15 18 15 16 17 16 17 18
17 9 16 10 15 9 16 8
28 13 26 11 21 16 23 18
18 15 18 16 17 16 17 15
21 22 23 20 26 23 24 25
13 20 15 18 10 13 8 15
10 24 18 16 20 18 12 26
8 24 10 24 10 23 8 23
23 22 21 20 19 22 21 24
16 23 13 26 10 23 13 20
13 22 11 20 10 21 12 23
22 19 21 20 17 16 18 15
24 19 23 20 22 19 23 18
24 20 24 19 23 19 23 20
27 23 25 25 22 22 24 20
19 24 18 25 16 23 17 22
11 9 11 13 10 13 10 9
7 22 9 20 10 21 8 23
22 24 21 24 21 22 22 22
19 6 21 8 19 10 17 8
21 14 21 12 19 12 19 14
21 25 18 22 19 21 22 24
