38
25 11 22 11 22 14 25 14
16 15 16 20 13 20 13 15
13 12 12 13 15 16 16 15
18 18 16 20 20 24 22 22
17 13 12 13 12 17 17 17
23 24 23 25 20 25 20 24
10 12 10 15 13 15 13 12
9 12 10 12 10 10 9 10
9 15 10 15 10 22 9 22
7 12 10 15 12 13 9 10
14 19 13 20 11 18 12 17
14 18 14 19 18 19 18 18
12 24 16 20 14 18 10 22
23 20 19 24 14 19 18 15
15 10 15 11 22 11 22 10
14 23 11 20 15 16 18 19
28 19 25 22 23 20 26 17
26 12 26 17 21 17 21 12
16 22 15 23 11 19 12 18
22 20 16 20 16 22 22 22
23 15 22 14 25 11 26 12
22 15 22 20 23 20 23 15
18 14 22 14 22 15 18 15
20 18 22 20 18 24 16 22
19 18 19 24 20 24 20 18
24 15 21 12 22 11 25 14
24 22 24 15 25 15 25 22
20 16 19 17 20 18 21 17
21 9 22 10 18 14 17 13
24 23 23 24 18 19 19 18
13 9 21 9 21 12 13 12
18 16 17 17 18 18 19 17
7 15 7 12 9 12 9 15
18 17 18 18 19 18 19 17
14 25 14 23 15 23 15 25
11 17 12 17 12 18 11 18
14 16 13 15 11 17 12 18
14 11 15 11 15 16 14 16
