70
14 20 15 21 13 23 12 22
14 21 15 21 15 20 14 20
18 11 18 17 17 17 17 11
25 22 25 23 24 23 24 22
26 22 25 23 24 22 25 21
19 17 18 17 18 18 19 18
17 18 18 17 19 18 18 19
21 17 21 16 19 16 19 17
29 12 28 12 28 13 29 13
29 11 28 12 26 10 27 9
11 11 11 14 10 14 10 11
19 11 19 9 18 9 18 11
19 21 19 18 21 18 21 21
12 13 11 14 9 12 10 11
24 16 24 17 26 17 26 16
22 19 24 17 23 16 21 18
15 27 15 23 13 23 13 27
12 26 15 23 16 24 13 27
28 23 26 23 26 24 28 24
29 26 26 23 25 24 28 27
18 24 18 19 22 19 22 24
16 20 15 21 18 24 19 23
15 19 16 20 18 18 17 17
16 19 16 20 15 20 15 19
22 14 22 10 21 10 21 14
22 16 22 19 23 19 23 16
24 12 22 10 20 12 22 14
9 28 10 29 16 23 15 22
9 22 9 28 10 28 10 22
30 21 28 23 27 22 29 20
6 19 11 14 14 17 9 22
29 23 28 23 28 20 29 20
14 10 13 10 13 9 14 9
27 16 26 16 26 12 27 12
25 26 25 27 26 27 26 26
29 24 28 23 25 26 26 27
20 32 25 27 22 24 17 29
13 11 13 10 11 10 11 11
12 29 10 29 10 28 12 28
27 29 29 27 28 26 26 28
12 21 12 20 9 20 9 21
15 17 12 20 11 19 14 16
14 19 14 17 15 17 15 19
14 11 13 12 18 17 19 16
15 16 14 17 16 19 17 18
8 20 9 21 11 19 10 18
8 12 9 12 9 20 8 20
14 12 13 12 13 11 14 11
25 12 24 12 24 11 25 11
25 13 24 12 25 11 26 12
23 15 22 14 21 15 22 16
10 19 10 22 11 22 11 19
15 11 14 10 13 11 14 12
27 8 28 9 25 12 24 11
19 8 19 9 27 9 27 8
28 29 29 29 29 27 28 27
15 9 17 9 17 11 15 11
17 7 15 9 17 11 19 9
18 7 17 7 17 9 18 9
13 22 12 22 12 23 13 23
14 8 15 9 14 10 13 9
15 8 15 9 14 9 14 8
12 17 14 19 12 21 10 19
11 17 11 14 12 14 12 17
16 30 14 28 15 27 17 29
26 21 27 22 26 23 25 22
27 21 26 21 26 22 27 22
30 14 29 13 26 16 27 17
22 15 22 16 21 16 21 15
20 15 21 16 22 15 21 14
