70
34 34 35 33 28 26 27 27
34 33 35 33 35 34 34 34
20 16 21 16 21 17 20 17
24 19 21 16 20 17 23 20
20 22 20 20 22 20 22 22
19 20 20 20 20 17 19 17
21 34 22 35 28 29 27 28
21 35 22 35 22 34 21 34
15 13 15 14 12 14 12 13
13 12 15 14 14 15 12 13
18 25 18 28 24 28 24 25
25 19 25 25 24 25 24 19
23 27 25 25 26 26 24 28
23 23 18 28 17 27 22 22
15 31 18 28 22 32 19 35
17 19 20 22 22 20 19 17
12 16 12 18 11 18 11 16
11 19 12 18 17 23 16 24
22 27 23 27 23 23 22 23
14 16 14 15 16 15 16 16
10 16 12 18 14 16 12 14
14 23 14 24 13 24 13 23
33 15 33 13 31 13 31 15
32 27 32 23 27 23 27 27
32 21 32 23 33 23 33 21
29 20 32 23 27 28 24 25
35 24 32 21 29 24 32 27
23 16 23 20 22 20 22 16
17 24 16 24 16 27 17 27
31 19 31 15 30 15 30 19
35 32 29 32 29 24 35 24
17 31 18 30 22 34 21 35
27 20 23 20 23 23 27 23
33 30 23 20 18 25 28 35
36 13 35 12 29 18 30 19
33 17 31 15 33 13 35 15
28 20 29 20 29 18 28 18
11 23 18 30 28 20 21 13
22 12 13 12 13 11 22 11
25 9 31 15 28 18 22 12
29 21 29 20 31 20 31 21
28 32 22 32 22 34 28 34
35 17 33 17 33 15 35 15
34 18 33 17 31 19 32 20
31 34 31 35 28 35 28 34
10 26 13 23 14 24 11 27
36 33 35 32 34 33 35 34
36 32 35 32 35 33 36 33
32 19 31 19 31 20 32 20
33 20 32 21 31 20 32 19
28 10 22 16 24 18 30 12
22 13 22 16 21 16 21 13
22 31 22 27 17 27 17 31
18 21 19 20 22 23 21 24
16 17 19 20 23 16 20 13
13 20 16 17 14 15 11 18
11 20 11 23 13 23 13 20
31 30 33 30 33 34 31 34
30 31 31 30 34 33 33 34
15 24 14 25 13 24 14 23
15 17 16 17 16 24 15 24
10 14 13 11 15 13 12 16
15 25 14 25 14 24 15 24
11 14 11 16 10 16 10 14
19 16 16 16 16 17 19 17
27 13 22 13 22 12 27 12
23 9 27 13 20 20 16 16
25 16 23 16 23 9 25 9
15 26 17 24 18 25 16 27
10 31 10 26 15 26 15 31
