70
33 37 33 36 32 36 32 37
32 39 32 37 29 37 29 39
37 31 35 33 36 34 38 32
35 38 33 36 32 37 34 39
36 33 35 33 35 31 36 31
33 31 35 33 33 35 31 33
26 29 26 30 25 30 25 29
28 30 26 30 26 32 28 32
21 35 26 30 28 32 23 37
20 32 25 32 25 30 20 30
19 17 18 17 18 18 19 18
24 33 25 32 27 34 26 35
16 17 18 17 18 14 16 14
18 28 18 26 17 26 17 28
19 27 18 26 19 25 20 26
22 20 20 20 20 19 22 19
18 20 20 20 20 21 18 21
18 22 20 20 21 21 19 23
22 16 22 17 25 17 25 16
21 16 22 17 20 19 19 18
21 17 21 16 19 16 19 17
19 19 20 20 22 18 21 17
23 18 22 17 24 15 25 16
40 32 39 33 38 32 39 31
40 34 39 33 37 35 38 36
37 14 37 15 39 15 39 14
40 33 39 33 39 34 40 34
16 22 14 22 14 23 16 23
18 29 20 29 20 30 18 30
13 23 14 22 16 24 15 25
22 29 20 29 20 27 22 27
17 32 20 29 17 26 14 29
21 34 22 35 19 38 18 37
23 36 22 35 23 34 24 35
23 35 23 34 24 34 24 35
11 19 14 22 18 18 15 15
29 36 27 34 28 33 30 35
23 21 23 34 21 34 21 21
29 30 28 30 28 29 29 29
33 17 35 17 35 21 33 21
25 26 24 26 24 25 25 25
18 24 16 22 13 25 15 27
28 34 26 32 28 30 30 32
37 26 39 26 39 27 37 27
28 22 25 25 26 26 29 23
13 33 18 28 20 30 15 35
41 28 39 26 37 28 39 30
18 36 18 37 23 37 23 36
23 19 22 19 22 18 23 18
38 35 37 35 37 36 38 36
33 30 33 31 35 31 35 30
31 24 32 23 27 18 26 19
36 29 35 28 34 29 35 30
31 29 33 31 35 29 33 27
31 31 33 31 33 33 31 33
33 29 31 31 29 29 31 27
36 28 35 28 35 29 36 29
16 25 16 24 18 24 18 25
26 27 25 27 25 26 26 26
20 23 18 21 16 23 18 25
26 37 24 37 24 35 26 35
16 29 16 33 15 33 15 29
25 38 24 37 25 36 26 37
17 30 16 29 17 28 18 29
17 34 16 33 14 35 15 36
28 26 29 27 26 30 25 29
31 25 31 24 32 24 32 25
38 20 36 20 36 21 38 21
29 25 29 27 31 27 31 25
40 18 37 15 35 17 38 20
