53
14 2 20 8 15 13 9 7
17 8 20 8 20 9 17 9
15 19 20 14 19 13 14 18
19 14 20 14 20 13 19 13
21 9 21 13 20 13 20 9
23 15 21 13 20 14 22 16
20 15 20 14 23 14 23 15
21 16 21 19 22 19 22 16
20 19 21 19 21 21 20 21
11 17 12 16 9 13 8 14
21 23 21 22 20 22 20 23
18 25 20 23 13 16 11 18
24 18 22 20 21 19 23 17
23 21 22 20 21 21 22 22
15 12 14 13 13 12 14 11
17 10 17 12 15 12 15 10
16 13 17 12 16 11 15 12
18 11 17 12 19 14 20 13
5 12 9 8 12 11 8 15
11 8 9 8 9 13 11 13
8 23 11 23 11 21 8 21
8 20 11 23 14 20 11 17
17 13 16 13 16 14 17 14
15 16 17 14 22 19 20 21
5 16 5 12 12 12 12 16
14 15 20 15 20 18 14 18
17 16 15 16 15 19 17 19
17 22 14 19 17 16 20 19
14 8 16 8 16 11 14 11
13 13 17 9 16 8 12 12
22 13 20 15 21 16 23 14
22 11 22 12 23 12 23 11
10 20 8 20 8 19 10 19
15 14 15 13 14 13 14 14
6 15 5 16 8 19 9 18
13 14 14 13 15 14 14 15
13 15 13 14 14 14 14 15
11 14 13 14 13 13 11 13
10 17 11 18 10 19 9 18
22 21 22 20 23 20 23 21
18 7 20 9 19 10 17 8
22 7 22 11 18 11 18 7
24 9 22 11 20 9 22 7
18 20 20 18 21 19 19 21
14 25 18 25 18 20 14 20
11 2 14 2 14 8 11 8
9 4 11 2 17 8 15 10
18 4 18 7 9 7 9 4
23 9 19 13 14 8 18 4
24 11 24 9 23 9 23 11
11 20 11 19 14 19 14 20
9 22 11 20 10 19 8 21
7 19 7 15 8 15 8 19
