59
25 21 26 21 26 24 25 24
26 14 26 21 29 21 29 14
27 24 26 24 26 30 27 30
24 19 26 21 24 23 22 21
34 19 29 14 25 18 30 23
18 19 24 19 24 15 18 15
21 30 26 30 26 34 21 34
17 21 26 30 23 33 14 24
24 39 25 38 21 34 20 35
18 21 18 26 19 26 19 21
20 36 24 36 24 39 20 39
16 24 18 26 21 23 19 21
19 17 22 17 22 21 19 21
23 16 22 17 24 19 25 18
27 33 39 33 39 30 27 30
33 27 39 33 33 39 27 33
34 22 34 19 35 19 35 22
17 19 17 21 18 21 18 19
36 20 39 17 38 16 35 19
35 32 35 26 19 26 19 32
14 17 14 24 16 24 16 17
18 13 22 17 18 21 14 17
16 27 25 27 25 24 16 24
22 31 20 33 19 32 21 30
38 31 30 39 22 31 30 23
16 16 16 17 19 17 19 16
29 36 27 38 17 28 19 26
27 23 27 22 30 22 30 23
34 36 34 25 37 25 37 36
23 35 20 35 20 33 23 33
25 33 18 26 16 28 23 35
17 18 16 17 18 15 19 16
32 27 27 22 25 24 30 29
13 18 13 19 17 19 17 18
33 28 32 27 34 25 35 26
17 30 24 23 25 24 18 31
29 6 37 14 27 24 19 16
16 30 17 30 17 28 16 28
37 6 29 6 29 14 37 14
23 28 27 24 35 32 31 36
15 15 15 13 18 13 18 15
13 15 15 13 19 17 17 19
38 29 30 29 30 31 38 31
13 38 21 38 21 34 13 34
12 18 13 19 16 16 15 15
12 15 12 18 13 18 13 15
38 23 39 23 39 29 38 29
42 19 38 23 34 19 38 15
41 26 38 23 35 26 38 29
41 22 41 26 35 26 35 22
28 45 21 38 30 29 37 36
11 16 12 15 14 17 13 18
24 22 25 21 20 16 19 17
27 19 27 22 24 22 24 19
34 18 34 19 27 19 27 18
31 23 35 19 34 18 30 22
28 24 30 22 29 21 27 23
12 37 13 38 19 32 18 31
11 20 13 18 23 28 21 30
