34
16 21 15 21 15 22 16 22
13 21 15 21 15 20 13 20
23 13 23 16 20 16 20 13
19 17 15 21 16 22 20 18
22 20 21 19 20 20 21 21
21 18 23 16 20 13 18 15
20 19 21 19 21 18 20 18
22 14 23 13 21 11 20 12
21 20 20 20 20 21 21 21
22 19 21 19 21 20 22 20
19 13 19 12 20 12 20 13
12 28 20 20 16 16 8 24
20 9 17 9 17 10 20 10
16 10 17 9 20 12 19 13
12 21 10 21 10 15 12 15
13 28 12 28 12 21 13 21
7 16 8 15 13 20 12 21
10 11 10 15 8 15 8 11
7 10 16 10 16 16 7 16
16 18 16 16 20 16 20 18
13 13 13 17 19 17 19 13
17 20 16 19 15 20 16 21
14 9 12 9 12 11 14 11
12 8 20 16 19 17 11 9
19 20 20 19 21 20 20 21
11 14 12 15 15 12 14 11
12 12 12 15 15 15 15 12
11 8 12 8 12 9 11 9
10 7 7 10 8 11 11 8
15 9 12 12 13 13 16 10
11 7 11 8 10 8 10 7
20 22 19 23 15 19 16 18
15 18 15 19 16 19 16 18
23 23 22 24 20 22 21 21
