62
15 6 14 7 16 9 17 8
21 7 22 8 20 10 19 9
11 13 12 13 12 11 11 11
22 7 22 8 21 8 21 7
11 7 12 7 12 9 11 9
11 14 12 13 17 18 16 19
13 10 14 10 14 7 13 7
16 12 14 10 13 11 15 13
17 16 14 16 14 18 17 18
19 14 22 17 21 18 18 15
9 14 11 14 11 13 9 13
18 9 19 9 19 8 18 8
20 22 14 22 14 21 20 21
17 25 14 22 17 19 20 22
15 17 13 17 13 15 15 15
12 18 13 17 14 18 13 19
12 16 13 17 14 16 13 15
12 21 12 18 14 18 14 21
16 15 17 14 13 10 12 11
8 18 12 18 12 16 8 16
6 16 8 18 11 15 9 13
16 23 17 23 17 19 16 19
12 10 13 10 13 11 12 11
11 20 16 15 17 16 12 21
18 14 18 12 19 12 19 14
22 16 18 12 15 15 19 19
17 15 17 14 18 14 18 15
15 10 20 10 20 13 15 13
10 9 11 9 11 10 10 10
8 11 9 12 11 10 10 9
7 12 9 12 9 13 7 13
6 13 7 12 9 14 8 15
17 7 18 7 18 8 17 8
20 16 18 14 17 15 19 17
19 20 21 18 22 19 20 21
22 20 22 19 19 19 19 20
23 8 22 7 21 8 22 9
21 23 20 22 22 20 23 21
15 5 17 7 15 9 13 7
8 19 8 20 11 20 11 19
10 17 14 21 12 23 8 19
10 15 10 17 11 17 11 15
23 9 22 9 22 8 23 8
21 25 17 25 17 23 21 23
4 16 8 20 11 17 7 13
4 13 6 13 6 16 4 16
1 16 4 13 11 20 8 23
9 11 10 10 11 11 10 12
14 14 14 16 12 16 12 14
13 13 14 14 13 15 12 14
8 21 12 21 12 23 8 23
19 18 17 18 17 19 19 19
22 11 21 12 18 9 19 8
26 19 23 22 19 18 22 15
26 17 22 17 22 19 26 19
19 11 19 9 22 9 22 11
22 12 20 10 19 11 21 13
22 13 21 13 21 12 22 12
21 14 22 13 21 12 20 13
23 18 23 14 21 14 21 18
24 8 23 7 22 8 23 9
24 7 23 7 23 8 24 8
