55
12 16 12 10 9 10 9 16
18 21 18 20 17 20 17 21
15 7 12 10 20 18 23 15
19 19 18 20 19 21 20 20
15 10 12 10 12 9 15 9
20 19 21 19 21 20 20 20
22 18 21 19 23 21 24 20
15 19 12 16 10 18 13 21
16 18 18 20 17 21 15 19
28 14 24 18 23 17 27 13
24 13 27 13 27 12 24 12
22 15 22 17 23 17 23 15
22 10 21 10 21 15 22 15
20 17 22 17 22 18 20 18
23 18 22 17 20 19 21 20
28 13 27 13 27 14 28 14
14 11 11 14 17 20 20 17
11 11 11 14 14 14 14 11
27 23 24 26 22 24 25 21
24 21 24 26 25 26 25 21
19 13 22 10 24 12 21 15
11 8 9 10 10 11 12 9
14 23 14 24 12 24 12 23
17 22 17 23 27 23 27 22
20 26 17 23 19 21 22 24
23 20 25 18 22 15 20 17
25 20 25 18 24 18 24 20
20 16 22 18 23 17 21 15
16 22 16 21 17 21 17 22
15 25 17 23 16 22 14 24
14 22 16 22 16 23 14 23
15 21 15 25 13 25 13 21
29 16 25 20 23 18 27 14
11 25 12 24 13 25 12 26
21 21 21 20 23 20 23 21
11 23 13 21 14 22 12 24
11 20 13 18 16 21 14 23
21 32 27 26 21 20 15 26
14 32 14 24 21 24 21 32
17 12 18 11 17 10 16 11
19 10 18 11 22 15 23 14
17 16 20 16 20 17 17 17
19 15 20 16 18 18 17 17
20 25 21 24 18 21 17 22
18 26 20 26 20 25 18 25
10 12 11 11 14 14 13 15
16 15 15 15 15 11 16 11
10 8 11 8 11 11 10 11
9 9 10 8 12 10 11 11
10 15 10 18 13 18 13 15
13 8 12 9 14 11 15 10
16 16 15 17 16 18 17 17
18 12 15 15 16 16 19 13
17 11 18 11 18 12 17 12
16 10 17 10 17 11 16 11
