70
16 22 15 21 16 20 17 21
25 20 25 23 23 23 23 20
14 20 16 20 16 22 14 22
24 24 25 23 27 25 26 26
19 17 16 20 15 19 18 16
14 33 13 33 13 32 14 32
21 39 26 39 26 36 21 36
20 40 13 33 14 32 21 39
39 18 39 24 33 24 33 18
39 26 39 24 41 24 41 26
39 14 34 19 33 18 38 13
40 23 39 24 36 21 37 20
34 22 34 19 31 19 31 22
35 19 34 19 34 15 35 15
32 21 34 19 36 21 34 23
36 14 36 16 30 16 30 14
37 15 36 16 35 15 36 14
22 16 22 17 24 17 24 16
37 25 36 25 36 21 37 21
42 31 36 25 35 26 41 32
18 25 23 25 23 23 18 23
26 25 23 25 23 26 26 26
18 30 23 25 22 24 17 29
31 39 29 41 28 40 30 38
17 23 17 21 15 21 15 23
41 41 40 41 40 32 41 32
14 26 14 22 13 22 13 26
24 18 24 17 25 17 25 18
38 32 37 33 35 31 36 30
29 18 32 21 31 22 28 19
13 21 14 22 15 21 14 20
37 30 37 33 36 33 36 30
39 16 38 16 38 14 39 14
26 13 26 14 28 14 28 13
12 27 13 26 20 33 19 34
35 28 39 24 41 26 37 30
30 41 32 39 29 36 27 38
29 38 29 41 30 41 30 38
13 16 15 14 25 24 23 26
16 24 15 23 16 22 17 23
35 42 32 39 36 35 39 38
35 25 35 26 34 26 34 25
25 32 26 32 26 31 25 31
28 42 35 42 35 40 28 40
22 29 25 32 26 31 23 28
23 35 26 32 25 31 22 34
30 22 31 22 31 23 30 23
19 19 22 19 22 17 19 17
39 32 39 35 38 35 38 32
33 41 39 35 37 33 31 39
29 13 28 14 29 15 30 14
32 41 32 39 33 39 33 41
14 37 14 33 20 33 20 37
12 29 12 27 17 27 17 29
25 11 28 14 26 16 23 13
20 41 20 40 19 40 19 41
29 16 26 16 26 15 29 15
26 17 25 18 27 20 28 19
25 16 26 16 26 17 25 17
23 15 13 15 13 13 23 13
25 13 26 14 24 16 23 15
35 30 35 28 36 28 36 30
26 23 26 25 27 25 27 23
27 17 26 16 25 17 26 18
29 31 25 27 26 26 30 30
20 42 19 41 20 40 21 41
19 24 23 20 22 19 18 23
29 33 29 36 28 36 28 33
21 32 20 33 26 39 27 38
24 19 23 20 24 21 25 20
