70
28 23 25 23 25 26 28 26
25 21 25 23 23 23 23 21
35 36 35 33 34 33 34 36
26 22 25 23 24 22 25 21
36 32 35 33 34 32 35 31
35 32 35 33 36 33 36 32
36 34 35 33 33 35 34 36
14 14 14 13 12 13 12 14
9 18 14 13 17 16 12 21
22 23 22 26 20 26 20 23
10 23 12 25 14 23 12 21
21 25 22 26 21 27 20 26
12 30 12 25 16 25 16 30
32 15 32 12 33 12 33 15
31 13 32 12 34 14 33 15
32 23 32 21 33 21 33 23
33 20 32 21 31 20 32 19
34 20 33 20 33 21 34 21
34 17 35 17 35 18 34 18
34 19 33 20 34 21 35 20
35 19 34 19 34 20 35 20
33 18 34 19 35 18 34 17
33 19 34 19 34 18 33 18
32 20 33 20 33 19 32 19
31 21 32 21 32 20 31 20
36 18 35 17 34 18 35 19
36 16 35 17 34 16 35 15
16 14 16 13 18 13 18 14
26 15 26 14 25 14 25 15
26 12 26 14 27 14 27 12
35 16 36 16 36 17 35 17
24 12 26 14 25 15 23 13
31 29 33 29 33 30 31 30
29 27 31 29 32 28 30 26
10 26 13 26 13 23 10 23
30 30 31 29 34 32 33 33
14 27 13 26 15 24 16 25
34 29 33 29 33 23 34 23
14 26 13 26 13 27 14 27
12 34 13 35 15 33 14 32
12 35 12 34 13 34 13 35
25 34 24 35 25 36 26 35
24 34 24 35 25 35 25 34
17 30 16 31 17 32 18 31
18 30 17 30 17 31 18 31
16 32 16 31 17 31 17 32
18 27 18 28 21 28 21 27
17 29 18 28 19 29 18 30
22 16 22 19 20 19 20 16
23 19 22 19 22 20 23 20
24 17 22 19 21 18 23 16
26 17 24 17 24 22 26 22
27 36 29 34 28 33 26 35
19 22 22 19 23 20 20 23
25 18 24 17 25 16 26 17
28 34 29 34 29 33 28 33
19 30 20 31 22 29 21 28
23 25 23 27 21 27 21 25
23 24 23 25 24 25 24 24
34 31 34 30 35 30 35 31
24 26 23 25 22 26 23 27
24 27 24 26 25 26 25 27
17 25 17 23 16 23 16 25
22 28 23 27 25 29 24 30
20 30 22 28 21 27 19 29
19 31 20 31 20 30 19 30
17 22 17 23 19 23 19 22
27 22 28 23 31 20 30 19
31 24 32 23 36 27 35 28
9 19 13 19 13 18 9 18
