70
23 18 26 21 25 22 22 19
22 21 26 21 26 19 22 19
28 20 25 23 24 22 27 19
24 23 25 23 25 22 24 22
26 23 25 23 25 25 26 25
28 21 26 21 26 23 28 23
28 26 25 23 20 28 23 31
18 25 18 26 17 26 17 25
18 31 18 26 21 26 21 31
17 27 18 26 17 25 16 26
25 12 28 12 28 13 25 13
29 31 29 32 32 32 32 31
28 32 29 32 29 33 28 33
27 11 28 12 26 14 25 13
32 21 28 21 28 20 32 20
31 18 28 21 26 19 29 16
23 33 23 34 25 34 25 33
21 32 23 34 26 31 24 29
33 12 32 12 32 13 33 13
17 31 17 30 16 30 16 31
31 13 32 12 33 13 32 14
31 22 32 21 27 16 26 17
33 20 32 21 34 23 35 22
25 16 24 17 25 18 26 17
20 13 24 17 23 18 19 14
15 26 13 26 13 29 15 29
27 14 26 14 26 15 27 15
19 20 18 19 16 21 17 22
14 22 16 22 16 23 14 23
12 25 13 26 15 24 14 23
13 25 12 25 12 23 13 23
9 17 14 22 17 19 12 14
32 35 35 35 35 32 32 32
12 27 13 26 17 30 16 31
21 38 25 34 17 26 13 30
32 37 33 36 32 35 31 36
14 33 16 31 19 34 17 36
28 37 32 37 32 35 28 35
28 34 25 34 25 35 28 35
31 23 31 22 34 22 34 23
22 18 22 19 20 19 20 18
30 34 29 34 29 33 30 33
17 15 17 14 16 14 16 15
18 13 17 14 18 15 19 14
13 19 16 22 20 18 17 15
15 18 12 18 12 16 15 16
34 27 34 30 33 30 33 27
32 28 34 30 32 32 30 30
19 25 22 28 25 25 22 22
30 23 28 23 28 25 30 25
27 24 28 23 29 24 28 25
33 18 28 23 26 21 31 16
13 14 13 19 14 19 14 14
31 14 32 14 32 13 31 13
13 33 14 33 14 36 13 36
15 31 13 33 16 36 18 34
34 16 32 14 31 15 33 17
20 32 19 32 19 33 20 33
26 18 25 18 25 17 26 17
17 16 16 15 15 16 16 17
14 13 16 15 17 14 15 12
26 30 24 28 21 31 23 33
27 28 24 28 24 29 27 29
27 30 26 30 26 31 27 31
26 26 26 25 28 25 28 26
31 19 25 25 26 26 32 20
37 30 35 28 33 30 35 32
35 23 34 23 34 24 35 24
21 22 22 21 23 22 22 23
29 17 31 15 29 13 27 15
