70
14 21 14 22 12 22 12 21
18 21 15 21 15 24 18 24
25 12 19 18 16 15 22 9
19 15 19 18 17 18 17 15
13 19 13 17 10 17 10 19
12 20 14 22 15 21 13 19
15 17 13 17 13 14 15 14
17 19 22 19 22 23 17 23
27 14 22 19 23 20 28 15
9 23 17 23 17 25 9 25
12 16 11 16 11 20 12 20
19 21 17 23 15 21 17 19
10 15 11 16 10 17 9 16
10 16 11 16 11 15 10 15
9 26 9 28 11 28 11 26
8 27 9 26 10 27 9 28
5 22 9 26 14 21 10 17
16 16 16 15 12 15 12 16
24 26 25 27 27 25 26 24
24 25 24 26 27 26 27 25
15 18 18 21 15 24 12 21
23 12 22 12 22 13 23 13
18 8 22 12 20 14 16 10
23 21 23 20 19 20 19 21
5 21 9 21 9 22 5 22
8 20 9 21 13 17 12 16
8 18 5 21 9 25 12 22
11 13 12 13 12 15 11 15
14 18 15 18 15 21 14 21
25 8 26 9 23 12 22 11
8 12 8 18 14 18 14 12
26 11 26 9 22 9 22 11
18 16 18 14 20 14 20 16
17 13 18 14 17 15 16 14
26 19 22 23 19 20 23 16
16 17 15 18 12 15 13 14
11 22 12 22 12 26 11 26
21 12 16 17 17 18 22 13
27 9 23 13 24 14 28 10
27 17 24 14 20 18 23 21
15 12 15 11 14 11 14 12
14 10 15 11 14 12 13 11
15 8 15 11 18 11 18 8
28 13 26 11 25 12 27 14
12 11 15 14 18 11 15 8
13 13 12 13 12 11 13 11
29 10 29 13 28 13 28 10
24 8 29 13 25 17 20 12
20 26 20 28 19 28 19 26
24 22 20 26 19 25 23 21
9 17 10 17 10 16 9 16
11 29 19 29 19 28 11 28
16 26 17 25 20 28 19 29
19 34 27 26 19 18 11 26
22 34 19 34 19 29 22 29
22 27 24 25 22 23 20 25
25 23 25 27 22 27 22 23
21 28 22 27 23 28 22 29
27 23 25 23 25 17 27 17
20 22 19 22 19 25 20 25
26 22 25 23 26 24 27 23
24 5 18 11 23 16 29 10
25 5 24 5 24 8 25 8
16 12 16 14 15 14 15 12
24 4 16 12 17 13 25 5
21 15 20 14 19 15 20 16
6 26 9 23 12 26 9 29
29 22 29 19 26 19 26 22
29 26 29 28 28 28 28 26
10 21 11 20 12 21 11 22
