70
32 25 32 21 30 21 30 25
43 17 43 21 41 21 41 17
31 20 32 21 31 22 30 21
40 18 43 21 44 20 41 17
33 20 32 21 34 23 35 22
40 20 44 20 44 18 40 18
33 35 33 20 40 20 40 35
25 40 25 43 22 43 22 40
25 44 25 43 29 43 29 44
31 38 31 22 27 22 27 38
17 32 16 33 24 41 25 40
32 27 23 36 29 42 38 33
14 26 14 33 16 33 16 26
34 15 34 14 24 14 24 15
29 9 34 14 29 19 24 14
39 28 34 23 32 25 37 30
39 17 39 28 36 28 36 17
23 33 39 17 40 18 24 34
16 36 16 33 23 33 23 36
29 20 23 20 23 19 29 19
20 23 23 20 40 37 37 40
26 36 29 36 29 42 26 42
30 37 29 36 27 38 28 39
38 31 31 38 30 37 37 30
37 25 32 25 32 27 37 27
20 24 25 29 22 32 17 27
20 32 20 24 22 24 22 32
28 23 27 22 29 20 30 21
44 29 25 29 25 26 44 26
37 33 37 30 23 30 23 33
51 33 44 40 37 33 44 26
34 39 34 23 28 23 28 39
23 18 27 22 25 24 21 20
46 26 41 21 37 25 42 30
19 15 19 27 17 27 17 15
46 20 44 20 44 26 46 26
12 22 16 26 23 19 19 15
47 21 46 20 32 34 33 35
47 32 43 32 43 21 47 21
10 30 14 26 20 32 16 36
26 27 29 24 28 23 25 26
19 28 19 27 26 27 26 28
21 30 21 20 23 20 23 30
44 35 42 33 40 35 42 37
11 30 14 33 19 28 16 25
42 31 42 33 38 33 38 31
45 30 44 29 42 31 43 32
45 31 45 30 42 30 42 31
16 15 16 14 17 14 17 15
14 15 16 15 16 25 14 25
25 25 25 26 16 26 16 25
29 25 25 25 25 24 29 24
34 8 23 19 29 25 40 14
30 36 29 36 29 25 30 25
11 20 16 15 21 20 16 25
32 41 32 34 24 34 24 41
42 35 40 35 40 37 42 37
44 33 42 33 42 35 44 35
51 29 44 29 44 33 51 33
10 20 11 20 11 30 10 30
45 35 51 29 43 21 37 27
20 38 24 34 26 36 22 40
45 40 44 40 44 35 45 35
17 38 20 38 20 32 17 32
38 40 38 33 37 33 37 40
31 47 38 40 33 35 26 42
43 47 31 47 31 38 43 38
42 27 42 30 37 30 37 27
40 8 40 14 34 14 34 8
41 9 35 15 34 14 40 8
