31
22 20 22 14 21 14 21 20
17 19 22 14 18 10 13 15
7 15 11 11 12 12 8 16
5 18 8 21 10 19 7 16
5 11 11 11 11 18 5 18
7 8 13 8 13 15 7 15
9 22 9 23 11 23 11 22
18 7 18 10 17 10 17 7
22 11 18 7 14 11 18 15
22 7 23 7 23 11 22 11
12 11 14 9 13 8 11 10
19 9 18 10 16 8 17 7
7 19 7 16 8 16 8 19
14 12 12 12 12 11 14 11
14 10 12 12 15 15 17 13
11 9 14 9 14 10 11 10
4 16 7 19 14 12 11 9
12 19 12 18 11 18 11 19
19 12 12 19 14 21 21 14
11 20 12 19 11 18 10 19
16 22 16 20 11 20 11 22
19 21 19 12 14 12 14 21
18 22 16 20 17 19 19 21
12 25 9 22 11 20 14 23
17 25 12 25 12 19 17 19
15 27 11 23 13 21 17 25
8 20 10 20 10 19 8 19
13 23 14 23 14 21 13 21
4 15 7 15 7 16 4 16
13 6 4 15 8 19 17 10
16 6 13 6 13 8 16 8
