45
18 25 18 23 19 23 19 25
25 32 25 29 26 29 26 32
31 36 18 23 13 28 26 41
32 11 39 18 25 32 18 25
26 15 18 23 16 21 24 13
33 41 33 39 38 39 38 41
29 43 33 39 26 32 22 36
39 25 39 27 34 27 34 25
42 24 39 27 34 22 37 19
41 29 39 27 33 33 35 35
34 21 34 22 31 22 31 21
15 36 15 39 19 39 19 36
9 33 15 39 25 29 19 23
15 13 15 36 14 36 14 13
40 29 31 29 31 36 40 36
42 18 31 29 30 28 41 17
28 32 26 32 26 41 28 41
26 22 31 22 31 29 26 29
28 19 28 14 19 14 19 19
28 24 37 24 37 19 28 19
36 17 31 22 28 19 33 14
40 17 41 17 41 29 40 29
16 17 16 15 25 15 25 17
43 33 40 36 28 24 31 21
31 48 38 41 26 29 19 36
32 17 32 18 36 18 36 17
31 17 32 18 27 23 26 22
20 30 19 29 13 35 14 36
38 13 37 14 40 17 41 16
32 20 27 15 26 16 31 21
31 11 31 17 32 17 32 11
34 14 31 17 28 14 31 11
26 18 26 20 24 20 24 18
32 42 20 30 21 29 33 41
39 24 42 24 42 18 39 18
24 16 25 15 26 16 25 17
17 16 17 18 24 18 24 16
18 13 16 15 17 16 19 14
21 21 21 29 25 29 25 21
20 26 25 21 24 20 19 25
17 21 19 19 21 21 19 23
16 18 17 18 17 21 16 21
22 48 31 48 31 36 22 36
9 34 33 34 33 33 9 33
36 31 41 36 38 39 33 34
