37
21 19 21 13 17 13 17 19
22 14 22 11 19 11 19 14
23 11 21 13 22 14 24 12
25 14 22 11 19 14 22 17
19 15 21 13 19 11 17 13
21 22 21 19 26 19 26 22
23 17 21 19 22 20 24 18
23 14 22 14 22 17 23 17
30 22 22 14 18 18 26 26
13 20 22 20 22 23 13 23
18 17 9 17 9 18 18 18
12 13 21 22 23 20 14 11
10 20 14 16 17 19 13 23
15 15 19 15 19 14 15 14
11 13 14 16 15 15 12 12
17 22 10 15 11 14 18 21
21 25 21 22 17 22 17 25
15 19 21 25 25 21 19 15
13 25 13 23 9 23 9 25
10 19 10 15 15 15 15 19
14 13 15 14 10 19 9 18
12 16 12 13 14 13 14 16
6 22 12 16 15 19 9 25
17 26 13 26 13 25 17 25
18 27 22 23 21 22 17 26
30 23 26 23 26 22 30 22
18 31 13 26 17 22 22 27
28 21 26 19 24 21 26 23
22 31 18 31 18 27 22 27
11 12 11 13 12 13 12 12
28 14 28 21 25 21 25 14
10 13 11 14 12 13 11 12
15 22 15 19 17 19 17 22
25 11 23 11 23 14 25 14
17 11 14 11 14 13 17 13
10 14 11 14 11 13 10 13
27 15 28 14 25 11 24 12
