70
16 22 15 21 18 18 19 19
14 21 15 21 15 20 14 20
25 34 25 23 29 23 29 34
25 18 25 23 24 23 24 18
20 18 25 23 24 24 19 19
33 38 33 36 25 36 25 38
33 34 33 36 34 36 34 34
32 37 33 36 31 34 30 35
32 39 32 37 30 37 30 39
17 30 16 29 23 22 24 23
36 13 36 16 35 16 35 13
16 39 16 38 17 38 17 39
18 36 16 38 17 39 19 37
37 15 36 16 34 14 35 13
32 15 37 15 37 17 32 17
22 29 20 29 20 26 22 26
19 30 20 29 21 30 20 31
20 30 20 29 19 29 19 30
23 25 22 26 20 24 21 23
14 23 20 29 21 28 15 22
23 27 22 26 19 29 20 30
31 26 31 29 30 29 30 26
30 30 31 29 32 30 31 31
24 25 23 25 23 26 24 26
37 20 37 24 34 24 34 20
28 22 28 21 27 21 27 22
26 24 25 23 27 21 28 22
17 36 17 30 18 30 18 36
40 31 34 37 33 36 39 30
35 35 37 33 38 34 36 36
39 26 37 24 35 26 37 28
29 20 28 21 29 22 30 21
26 15 26 14 32 14 32 15
25 14 26 14 26 13 25 13
29 11 26 14 29 17 32 14
31 20 33 20 33 19 31 19
35 33 32 30 36 26 39 29
35 32 35 33 33 33 33 32
22 18 26 14 25 13 21 17
32 32 32 30 33 30 33 32
14 15 15 14 16 15 15 16
14 13 16 13 16 15 14 15
15 12 16 13 15 14 14 13
30 41 32 39 30 37 28 39
35 25 35 26 33 26 33 25
26 43 30 39 25 34 21 38
17 41 19 39 16 36 14 38
16 27 16 22 15 22 15 27
20 22 16 22 16 21 20 21
37 26 39 26 39 28 37 28
19 24 29 34 33 30 23 20
20 35 20 31 19 31 19 35
30 32 31 31 32 32 31 33
16 35 20 31 21 32 17 36
21 31 20 31 20 30 21 30
31 30 31 31 30 31 30 30
41 21 37 17 34 20 38 24
35 31 34 30 32 32 33 33
38 32 37 33 35 31 36 30
34 31 34 30 35 30 35 31
18 15 17 14 16 15 17 16
14 16 14 15 13 15 13 16
41 22 37 26 31 20 35 16
26 30 23 27 24 26 27 29
23 30 26 30 26 29 23 29
22 31 25 34 26 33 23 30
32 13 32 14 34 14 34 13
29 41 30 41 30 39 29 39
16 16 16 15 17 15 17 16
27 43 29 41 22 34 20 36
