70
26 24 26 21 25 21 25 24
15 19 15 21 11 21 11 19
22 15 22 17 30 17 30 15
21 21 15 21 15 22 21 22
26 13 22 17 26 21 30 17
19 14 22 17 20 19 17 16
29 25 29 32 26 32 26 25
30 29 31 29 31 28 30 28
27 33 31 29 30 28 26 32
22 25 22 26 24 26 24 25
13 30 14 31 17 28 16 27
21 27 22 26 20 24 19 25
14 25 14 31 19 31 19 25
33 31 32 30 31 31 32 32
33 29 31 29 31 31 33 31
32 28 31 29 32 30 33 29
21 23 24 26 25 25 22 22
21 19 22 19 22 17 21 17
15 14 14 15 16 17 17 16
15 10 15 14 19 14 19 10
23 19 22 19 22 22 23 22
9 31 17 23 18 24 10 32
25 26 26 25 25 24 24 25
27 24 26 25 30 29 31 28
20 30 18 30 18 24 20 24
35 19 31 15 25 21 29 25
31 13 31 15 30 15 30 13
20 16 20 19 17 19 17 16
15 18 16 17 21 22 20 23
27 30 31 26 26 21 22 25
21 24 20 24 20 23 21 23
16 20 20 24 21 23 17 19
10 20 16 20 16 17 10 17
21 20 20 19 14 25 15 26
29 21 29 22 30 22 30 21
24 21 22 19 21 20 23 22
22 12 14 12 14 15 22 15
23 10 22 10 22 12 23 12
24 20 24 21 21 21 21 20
20 20 20 19 21 19 21 20
23 3 14 12 21 19 30 10
12 13 12 24 13 24 13 13
9 24 12 24 12 31 9 31
8 19 10 17 15 22 13 24
17 13 17 11 13 11 13 13
10 26 12 24 18 30 16 32
20 33 27 33 27 30 20 30
26 10 26 13 30 13 30 10
23 13 26 13 26 19 23 19
25 9 22 12 23 13 26 10
10 29 10 26 15 26 15 29
11 28 10 29 12 31 13 30
32 24 30 22 29 23 31 25
24 14 23 13 20 16 21 17
11 23 17 23 17 28 11 28
27 29 21 29 21 27 27 27
24 32 27 29 24 26 21 29
22 9 23 10 19 14 18 13
19 9 22 9 22 10 19 10
20 14 17 11 19 9 22 12
12 11 12 10 13 10 13 11
26 3 23 3 23 10 26 10
32 25 31 25 31 26 32 26
33 24 32 25 29 22 30 21
33 25 32 25 32 24 33 24
12 12 13 11 14 12 13 13
29 19 29 21 26 21 26 19
14 16 17 13 20 16 17 19
35 14 29 14 29 19 35 19
25 18 29 14 30 15 26 19
