70
14 21 15 21 15 22 14 22
15 19 15 21 18 21 18 19
25 26 25 23 24 23 24 26
16 22 15 21 14 22 15 23
25 21 25 23 28 23 28 21
18 22 16 20 18 18 20 20
23 33 24 33 24 32 23 32
27 30 24 33 23 32 26 29
21 17 21 16 20 16 20 17
23 16 21 16 21 14 23 14
22 18 22 17 21 17 21 18
22 15 21 16 22 17 23 16
18 13 21 16 20 17 17 14
24 19 22 17 21 18 23 20
19 29 20 29 20 30 19 30
19 28 20 29 19 30 18 29
29 29 31 29 31 27 29 27
28 16 28 21 30 21 30 16
16 30 17 30 17 31 16 31
17 29 17 30 18 30 18 29
15 28 17 30 16 31 14 29
11 20 11 23 13 23 13 20
15 17 13 17 13 18 15 18
12 18 13 17 15 19 14 20
12 17 16 13 15 12 11 16
16 23 15 23 15 22 16 22
26 24 24 26 25 27 27 25
30 22 31 22 31 21 30 21
14 32 15 32 15 29 14 29
34 19 31 22 30 21 33 18
19 20 18 19 20 17 21 18
16 15 16 20 19 20 19 15
20 33 20 31 17 31 17 33
21 32 20 31 19 32 20 33
29 12 30 11 32 13 31 14
13 30 15 32 14 33 12 31
21 27 23 27 23 24 21 24
18 14 17 14 17 13 18 13
29 11 30 11 30 12 29 12
25 29 23 27 20 30 22 32
23 29 23 27 25 27 25 29
29 24 28 23 27 24 28 25
25 20 28 23 30 21 27 18
33 14 32 14 32 15 33 15
26 32 28 30 25 27 23 29
26 30 26 32 27 32 27 30
17 22 17 23 18 23 18 22
31 15 32 14 31 13 30 14
31 24 32 23 31 22 30 23
32 24 32 23 31 23 31 24
24 20 24 19 25 19 25 20
34 26 31 29 29 27 32 24
19 22 18 21 17 22 18 23
18 32 19 32 19 30 18 30
20 22 20 20 19 20 19 22
23 22 20 22 20 23 23 23
19 23 20 22 24 26 23 27
27 26 26 25 25 26 26 27
18 24 17 23 18 22 19 23
31 16 31 15 30 15 30 16
15 27 15 25 14 25 14 27
28 26 29 27 26 30 25 29
30 25 31 24 32 25 31 26
32 16 31 15 30 16 31 17
21 20 22 21 20 23 19 22
23 19 23 20 21 20 21 19
24 21 23 20 22 21 23 22
29 15 28 16 29 17 30 16
27 15 28 16 25 19 24 18
23 21 23 20 24 20 24 21
