70
23 34 25 32 24 31 22 33
21 20 18 17 20 15 23 18
26 40 25 41 23 39 24 38
26 32 25 32 25 34 26 34
26 41 25 41 25 40 26 40
15 38 16 38 16 40 15 40
24 30 16 38 15 37 23 29
20 18 20 20 18 20 18 18
19 19 20 20 21 19 20 18
32 46 27 41 34 34 39 39
28 16 30 18 28 20 26 18
19 30 20 29 19 28 18 29
19 29 20 29 20 30 19 30
36 12 30 18 33 21 39 15
23 36 23 34 25 34 25 36
22 34 23 34 23 33 22 33
19 31 14 31 14 30 19 30
15 32 14 31 17 28 18 29
31 30 28 30 28 31 31 31
28 28 28 30 27 30 27 28
26 28 28 30 26 32 24 30
30 23 33 20 35 22 32 25
28 33 27 34 25 32 26 31
28 46 32 46 32 33 28 33
29 45 25 41 24 42 28 46
39 33 41 33 41 31 39 31
24 45 24 42 29 42 29 45
31 42 41 42 41 41 31 41
40 32 41 33 42 32 41 31
36 26 35 26 35 24 36 24
37 35 39 33 38 32 36 34
42 30 42 32 40 32 40 30
33 28 35 26 36 27 34 29
27 27 25 25 26 24 28 26
16 32 15 32 15 24 16 24
23 25 25 25 25 27 23 27
21 23 23 25 19 29 17 27
21 25 23 25 23 24 21 24
24 26 23 25 24 24 25 25
39 28 39 26 38 26 38 28
42 29 39 26 32 33 35 36
18 42 16 40 17 39 19 41
20 25 20 22 18 22 18 25
19 21 20 22 19 23 18 22
38 25 39 26 42 23 41 22
22 20 20 22 21 23 23 21
16 14 17 14 17 15 16 15
18 15 17 14 16 15 17 16
20 17 18 17 18 15 20 15
35 31 31 31 31 32 35 32
32 30 31 31 28 28 29 27
32 28 32 30 31 30 31 28
17 42 23 36 21 34 15 40
17 40 16 40 16 42 17 42
33 30 32 30 32 33 33 33
24 28 23 27 22 28 23 29
24 35 23 36 24 37 25 36
40 17 41 17 41 18 40 18
27 35 24 35 24 37 27 37
37 22 41 26 39 28 35 24
42 26 41 26 41 27 42 27
37 23 32 23 32 25 37 25
29 20 32 23 33 22 30 19
32 19 32 23 30 23 30 19
34 19 33 20 32 19 33 18
33 19 34 19 34 18 33 18
45 22 42 25 39 22 42 19
16 16 15 16 15 15 16 15
12 19 15 16 20 21 17 24
43 26 42 25 41 26 42 27
