70
16 22 16 20 14 20 14 22
17 20 16 20 16 19 17 19
22 18 22 17 23 17 23 18
15 19 16 20 15 21 14 20
21 17 22 17 22 15 21 15
15 13 14 13 14 9 15 9
16 6 19 9 16 12 13 9
14 23 14 22 13 22 13 23
15 23 14 22 15 21 16 22
19 21 17 21 17 20 19 20
18 17 19 18 22 15 21 14
19 17 18 17 18 18 19 18
17 18 18 17 16 15 15 16
21 20 19 18 17 20 19 22
11 24 11 23 12 23 12 24
10 23 11 23 11 22 10 22
12 22 11 23 12 24 13 23
14 17 13 17 13 16 14 16
12 18 13 17 11 15 10 16
12 17 13 17 13 18 12 18
10 26 10 27 11 27 11 26
21 13 21 9 19 9 19 13
22 8 21 9 23 11 24 10
17 23 16 22 17 21 18 22
10 20 12 18 14 20 12 22
15 15 14 15 14 16 15 16
19 7 21 9 15 15 13 13
25 16 26 16 26 15 25 15
17 27 17 23 16 23 16 27
20 6 16 6 16 12 20 12
13 15 14 15 14 13 13 13
16 16 15 16 15 19 16 19
22 22 22 21 19 21 19 22
22 19 22 21 23 21 23 19
26 23 22 19 23 18 27 22
26 22 26 23 24 23 24 22
26 12 24 12 24 11 26 11
16 13 16 15 15 15 15 13
23 12 24 12 24 16 23 16
8 24 10 22 11 23 9 25
19 23 18 23 18 22 19 22
22 13 22 14 21 14 21 13
25 14 22 14 22 15 25 15
11 13 12 13 12 15 11 15
20 25 18 23 19 22 21 24
20 26 14 26 14 25 20 25
20 27 20 26 26 26 26 27
21 25 20 26 18 24 19 23
24 28 21 25 23 23 26 26
23 28 24 28 24 23 23 23
27 11 26 11 26 10 27 10
10 14 9 14 9 16 10 16
25 19 26 20 24 22 23 21
23 22 24 23 27 20 26 19
15 31 19 27 15 23 11 27
11 16 12 15 13 16 12 17
9 12 12 15 14 13 11 10
19 19 19 20 21 20 21 19
12 27 12 24 15 24 15 27
11 28 12 27 11 26 10 27
14 29 12 27 14 25 16 27
13 11 15 13 13 15 11 13
21 18 22 18 22 19 21 19
24 17 24 16 25 16 25 17
24 18 23 17 22 18 23 19
9 9 13 9 13 11 9 11
8 10 9 9 10 10 9 11
12 19 13 18 17 22 16 23
26 17 25 17 25 19 26 19
12 21 15 21 15 19 12 19
