70
18 22 20 20 19 19 17 21
19 25 15 21 13 23 17 27
35 18 34 19 32 17 33 16
14 20 15 21 17 19 16 18
14 21 15 21 15 20 14 20
18 29 20 29 20 28 18 28
23 26 20 29 15 24 18 21
34 29 34 28 32 28 32 29
18 18 19 18 19 19 18 19
18 17 19 18 18 19 17 18
29 18 30 18 30 17 29 17
15 17 18 17 18 16 15 16
20 19 19 18 22 15 23 16
19 20 20 20 20 19 19 19
32 20 30 18 28 20 30 22
23 35 23 34 25 34 25 35
17 29 17 30 18 30 18 29
11 30 17 30 17 32 11 32
32 13 32 12 34 12 34 13
18 31 17 30 16 31 17 32
30 10 32 12 31 13 29 11
11 27 11 23 13 23 13 27
10 22 11 23 12 22 11 21
32 22 32 21 30 21 30 22
36 26 34 28 30 24 32 22
24 14 26 14 26 13 24 13
30 19 32 21 29 24 27 22
32 10 34 12 29 17 27 15
28 32 26 32 26 29 28 29
30 29 25 34 21 30 26 25
17 20 18 19 19 20 18 21
20 26 26 32 27 31 21 25
20 21 20 22 18 22 18 21
15 31 16 31 16 28 15 28
21 21 20 22 26 28 27 27
21 20 20 20 20 21 21 21
10 31 11 30 12 31 11 32
23 22 20 22 20 26 23 26
30 33 29 34 30 35 31 34
30 34 29 34 29 33 30 33
11 18 11 16 14 16 14 18
35 23 32 23 32 22 35 22
34 21 32 23 33 24 35 22
32 33 32 32 31 32 31 33
34 20 34 21 32 21 32 20
10 17 11 16 12 17 11 18
30 30 32 32 31 33 29 31
34 32 33 31 32 32 33 33
33 32 33 31 34 31 34 32
32 25 35 28 34 29 31 26
27 24 26 25 23 22 24 21
28 25 26 25 26 28 28 28
12 19 12 20 14 20 14 19
12 21 12 20 11 20 11 21
20 32 18 30 20 28 22 30
32 34 31 33 30 34 31 35
15 27 14 26 18 22 19 23
23 12 24 12 24 13 23 13
14 33 14 35 17 35 17 33
27 9 24 12 26 14 29 11
14 29 16 31 14 33 12 31
23 21 24 21 24 22 23 22
18 15 15 18 11 14 14 11
23 20 24 19 19 14 18 15
25 20 23 20 23 16 25 16
13 22 13 21 12 21 12 22
15 22 15 23 13 23 13 22
10 24 10 22 12 22 12 24
33 34 33 33 32 33 32 34
16 19 15 18 14 19 15 20
