70
25 22 25 23 27 23 27 22
25 25 25 23 19 23 19 25
24 22 25 23 28 20 27 19
24 24 25 23 26 24 25 25
35 32 35 33 34 33 34 32
35 35 35 33 41 33 41 35
33 35 35 33 34 32 32 34
26 28 26 30 29 30 29 28
25 30 26 30 26 34 25 34
24 32 26 30 25 29 23 31
23 42 26 39 25 38 22 41
24 40 24 42 27 42 27 40
25 41 24 42 23 41 24 40
26 44 26 39 29 39 29 44
30 35 26 39 27 40 31 36
17 37 16 38 14 36 15 35
17 38 16 38 16 37 17 37
22 16 22 17 19 17 19 16
17 12 22 17 19 20 14 15
23 18 22 17 24 15 25 16
23 17 22 17 22 18 23 18
21 12 17 12 17 14 21 14
32 28 34 28 34 27 32 27
39 23 34 28 30 24 35 19
14 28 14 22 22 22 22 28
19 21 17 21 17 20 19 20
17 26 17 21 16 21 16 26
17 34 23 34 23 31 17 31
32 35 34 37 33 38 31 36
29 20 28 21 29 22 30 21
34 36 34 37 31 37 31 36
25 18 28 21 27 22 24 19
14 30 14 31 16 31 16 30
9 26 14 31 24 21 19 16
22 36 22 35 24 35 24 36
24 33 23 34 24 35 25 34
38 41 40 41 40 42 38 42
20 33 24 33 24 32 20 32
47 34 40 41 37 38 44 31
22 38 20 38 20 40 22 40
21 37 20 38 18 36 19 35
9 25 9 26 15 26 15 25
21 36 21 37 22 37 22 36
42 32 41 33 43 35 44 34
21 39 20 38 19 39 20 40
41 32 42 32 42 31 41 31
32 29 33 29 33 31 32 31
27 35 33 29 32 28 26 34
35 31 33 29 34 28 36 30
34 31 34 28 35 28 35 31
42 29 44 29 44 31 42 31
43 30 44 29 43 28 42 29
47 38 44 38 44 34 47 34
32 38 33 38 33 35 32 35
28 25 25 25 25 27 28 27
24 34 25 34 25 35 24 35
25 37 22 37 22 38 25 38
17 45 14 42 16 40 19 43
15 23 15 25 18 25 18 23
11 21 15 25 19 21 15 17
13 27 15 25 16 26 14 28
41 36 40 36 40 37 41 37
22 42 21 41 22 40 23 41
17 29 18 30 17 31 16 30
41 21 41 19 36 19 36 21
43 19 41 19 41 16 43 16
36 14 41 19 40 20 35 15
31 26 33 24 31 22 29 24
34 24 33 24 33 22 34 22
33 26 33 24 31 24 31 26
