70
39 22 38 23 35 20 36 19
36 23 38 23 38 22 36 22
13 26 18 26 18 28 13 28
7 29 15 21 21 27 13 35
18 25 18 26 22 26 22 25
15 38 15 39 18 39 18 38
16 40 15 39 17 37 18 38
39 25 39 24 38 24 38 25
40 25 39 24 38 25 39 26
18 34 18 35 13 35 13 34
20 19 20 20 22 20 22 19
18 37 18 35 21 35 21 37
19 36 18 35 22 31 23 32
16 20 20 20 20 21 16 21
12 18 15 21 16 20 13 17
18 22 20 20 22 22 20 24
18 18 20 20 22 18 20 16
34 18 34 19 32 19 32 18
19 28 20 29 17 32 16 31
32 21 34 19 30 15 28 17
31 28 31 29 30 29 30 28
32 28 31 29 30 28 31 27
35 33 31 29 30 30 34 34
36 33 35 33 35 32 36 32
31 33 35 33 35 37 31 37
24 28 22 26 21 27 23 29
37 35 35 33 36 32 38 34
36 25 37 24 38 25 37 26
25 23 23 25 22 24 24 22
23 14 23 25 26 25 26 14
24 23 25 23 25 27 24 27
29 40 29 41 30 41 30 40
25 18 30 18 30 15 25 15
27 21 30 18 32 20 29 23
19 39 21 37 20 36 18 38
37 25 37 24 36 24 36 25
24 33 23 34 24 35 25 34
25 33 24 33 24 29 25 29
23 33 24 33 24 34 23 34
27 37 21 37 21 39 27 39
36 26 36 25 32 25 32 26
39 17 41 15 40 14 38 16
41 23 41 24 39 24 39 23
35 21 32 21 32 20 35 20
41 16 41 15 38 15 38 16
35 24 32 21 29 24 32 27
27 33 27 34 29 34 29 33
26 33 27 34 30 31 29 30
12 14 15 14 15 18 12 18
13 16 15 14 16 15 14 17
13 21 13 17 14 17 14 21
36 13 40 13 40 14 36 14
34 39 30 39 30 40 34 40
26 13 26 14 29 14 29 13
38 11 40 13 38 15 36 13
12 27 13 26 14 27 13 28
29 38 30 39 36 33 35 32
36 35 33 38 30 35 33 32
30 38 33 38 33 35 30 35
11 37 13 35 15 37 13 39
29 39 30 39 30 38 29 38
24 36 24 35 28 35 28 36
16 36 16 31 19 31 19 36
28 40 29 41 30 40 29 39
14 31 16 31 16 27 14 27
17 29 18 28 20 30 19 31
8 18 18 28 22 24 12 14
20 39 19 39 19 36 20 36
39 35 39 26 37 26 37 35
8 27 8 18 12 18 12 27
