70
20 28 20 29 25 29 25 28
28 11 28 12 26 12 26 11
19 10 17 12 19 14 21 12
35 19 28 12 22 18 29 25
16 12 17 12 17 11 16 11
21 25 23 25 23 22 21 22
20 22 23 25 20 28 17 25
14 24 14 22 15 22 15 24
17 19 14 22 13 21 16 18
19 16 19 18 16 18 16 16
20 19 19 18 15 22 16 23
21 18 19 18 19 21 21 21
9 25 9 26 10 26 10 25
24 18 24 17 29 17 29 18
23 18 24 17 21 14 20 15
27 20 24 17 26 15 29 18
15 16 15 14 16 14 16 16
16 13 15 14 13 12 14 11
17 27 18 28 21 25 20 24
17 28 18 28 18 27 17 27
19 30 20 29 18 27 17 28
18 23 17 23 17 25 18 25
20 23 20 22 18 22 18 23
13 19 17 23 18 22 14 18
9 16 9 19 10 19 10 16
11 21 9 19 11 17 13 19
5 24 9 28 13 24 9 20
19 15 20 15 20 16 19 16
14 16 15 16 15 17 14 17
14 15 15 16 14 17 13 16
13 15 14 15 14 16 13 16
35 18 35 19 29 19 29 18
12 19 13 19 13 16 12 16
26 21 22 21 22 20 26 20
11 12 9 12 9 11 11 11
24 24 20 24 20 23 24 23
6 15 9 12 13 16 10 19
26 28 23 25 24 24 27 27
15 18 14 17 12 19 13 20
12 9 11 9 11 11 12 11
13 11 11 9 9 11 11 13
25 23 24 24 21 21 22 20
27 21 25 23 26 24 28 22
13 13 13 12 11 12 11 13
26 23 25 23 25 24 26 24
25 22 26 21 27 22 26 23
14 10 13 10 13 11 14 11
24 10 24 12 21 12 21 10
21 13 24 10 23 9 20 12
26 8 24 10 25 11 27 9
25 13 24 12 25 11 26 12
25 8 25 11 26 11 26 8
15 9 14 10 15 11 16 10
18 12 18 14 19 14 19 12
17 13 18 12 17 11 16 12
16 9 15 9 15 10 16 10
17 15 18 14 17 13 16 14
10 14 9 14 9 15 10 15
8 15 9 14 10 15 9 16
23 13 24 14 21 17 20 16
23 14 23 13 21 13 21 14
14 12 15 11 16 12 15 13
10 23 10 24 13 24 13 23
26 16 24 14 25 13 27 15
11 25 10 24 9 25 10 26
20 27 24 23 23 22 19 26
20 17 20 19 17 19 17 17
25 14 28 11 25 8 22 11
8 16 9 16 9 15 8 15
6 18 9 21 11 19 8 16
