69
19 11 22 8 24 10 21 13
22 9 22 8 19 8 19 9
22 13 21 13 21 11 22 11
21 10 22 11 20 13 19 12
19 10 21 10 21 11 19 11
20 23 20 20 22 20 22 23
18 20 20 20 20 19 18 19
14 15 14 13 15 13 15 15
18 9 19 9 19 10 18 10
20 18 19 18 19 16 20 16
17 9 18 10 19 9 18 8
21 16 19 18 14 13 16 11
16 12 18 10 19 11 17 13
18 18 18 19 13 19 13 18
22 18 20 20 18 18 20 16
17 20 18 19 14 15 13 16
8 10 9 10 9 15 8 15
10 11 9 10 11 8 12 9
16 23 17 23 17 24 16 24
18 23 17 23 17 20 18 20
14 20 17 23 16 24 13 21
9 17 9 19 8 19 8 17
10 17 9 17 9 15 10 15
9 20 9 19 13 19 13 20
7 17 9 19 11 17 9 15
16 16 13 19 14 20 17 17
7 15 7 17 8 17 8 15
13 11 13 12 12 12 12 11
14 9 14 8 12 8 12 9
23 18 23 20 22 20 22 18
25 20 24 19 23 20 24 21
13 14 13 12 16 12 16 14
12 13 13 12 14 13 13 14
17 8 17 9 18 9 18 8
22 24 22 23 24 23 24 24
20 26 17 23 19 21 22 24
15 9 17 9 17 10 15 10
14 21 13 21 13 20 14 20
18 26 18 23 20 23 20 26
11 22 12 22 12 21 11 21
11 15 12 15 12 17 11 17
10 21 10 17 11 17 11 21
20 7 22 9 21 10 19 8
17 15 16 14 15 15 16 16
10 22 8 20 9 19 11 21
24 14 21 11 17 15 20 18
23 10 24 10 24 14 23 14
11 9 12 8 14 10 13 11
20 14 21 13 22 14 21 15
17 14 20 14 20 13 17 13
6 17 8 15 10 17 8 19
15 20 13 18 17 14 19 16
16 7 14 9 15 10 17 8
11 13 11 11 10 11 10 13
13 7 13 11 16 11 16 7
16 21 15 20 14 21 15 22
19 22 18 23 16 21 17 20
14 23 14 21 16 21 16 23
24 22 24 21 19 21 19 22
15 24 16 23 15 22 14 23
18 7 19 8 18 9 17 8
19 7 19 8 18 8 18 7
12 23 11 22 12 21 13 22
14 16 11 13 12 12 15 15
25 16 23 14 21 16 23 18
25 15 21 15 21 16 25 16
13 23 12 23 12 22 13 22
6 12 8 10 11 13 9 15
18 11 17 10 18 9 19 10
