56
15 17 20 17 20 20 15 20
22 30 15 30 15 32 22 32
24 29 18 29 18 22 24 22
17 29 18 29 18 31 17 31
24 16 20 20 30 30 34 26
19 19 20 20 18 22 17 21
12 19 12 13 19 13 19 19
11 14 12 13 15 16 14 17
24 31 12 19 14 17 26 29
32 15 37 15 37 17 32 17
19 23 22 26 17 31 14 28
29 34 29 32 22 32 22 34
27 30 29 32 38 23 36 21
27 26 22 26 22 30 27 30
28 18 28 21 25 21 25 18
27 22 28 21 25 18 24 19
12 28 12 34 14 34 14 28
14 36 12 34 17 29 19 31
45 25 37 17 26 28 34 36
31 12 32 12 32 15 31 15
20 43 29 34 24 29 15 38
24 35 37 35 37 31 24 31
24 36 24 35 21 35 21 36
21 38 24 35 18 29 15 32
29 19 24 19 24 16 29 16
14 16 15 16 15 17 14 17
35 13 37 15 31 21 29 19
29 24 27 22 25 24 27 26
21 40 23 38 21 36 19 38
32 18 28 18 28 17 32 17
26 24 29 27 22 34 19 31
14 38 12 38 12 36 14 36
37 29 37 30 30 30 30 29
24 15 24 16 15 16 15 15
23 24 25 24 25 21 23 21
24 7 15 16 23 24 32 15
23 28 23 24 14 24 14 28
17 27 22 32 26 28 21 23
30 28 30 29 26 29 26 28
43 29 37 35 30 28 36 22
43 17 37 17 37 29 43 29
18 38 19 38 19 31 18 31
28 24 29 24 29 27 28 27
15 36 15 34 14 34 14 36
19 40 19 38 21 38 21 40
31 22 31 21 36 21 36 22
26 22 29 19 28 18 25 21
24 20 23 21 24 22 25 21
29 13 35 13 35 16 29 16
23 37 21 35 22 34 24 36
21 37 23 37 23 38 21 38
15 37 21 37 21 36 15 36
13 37 14 38 15 37 14 36
11 37 12 38 13 37 12 36
11 22 11 37 13 37 13 22
46 20 37 29 34 26 43 17
