70
30 38 35 33 36 34 31 39
41 33 35 33 35 27 41 27
38 25 39 24 44 29 43 30
30 33 35 33 35 38 30 38
28 18 30 18 30 19 28 19
27 15 30 18 31 17 28 14
22 37 22 35 14 35 14 37
26 31 22 35 17 30 21 26
17 26 17 30 20 30 20 26
42 32 41 33 35 27 36 26
28 44 27 43 31 39 32 40
48 35 43 30 35 38 40 43
33 22 33 29 40 29 40 22
28 24 33 29 35 27 30 22
24 38 24 26 21 26 21 38
27 29 24 26 20 30 23 33
18 14 18 19 20 19 20 14
17 20 18 19 20 21 19 22
22 21 22 19 20 19 20 21
20 24 20 22 23 22 23 24
25 16 22 19 25 22 28 19
37 37 40 34 20 14 17 17
31 14 28 14 28 17 31 17
19 10 14 15 18 19 23 14
12 26 14 24 20 30 18 32
33 19 33 22 30 22 30 19
25 40 22 37 21 38 24 41
38 19 39 19 39 14 38 14
34 23 33 22 31 24 32 25
41 43 41 44 42 44 42 43
40 41 40 43 41 43 41 41
14 40 14 42 25 42 25 40
12 38 14 40 20 34 18 32
13 41 14 42 15 41 14 40
38 20 39 19 41 21 40 22
36 19 33 22 30 19 33 16
19 24 22 21 23 22 20 25
14 22 14 24 19 24 19 22
44 19 39 19 39 24 44 24
34 19 39 24 44 19 39 14
34 16 34 19 33 19 33 16
26 19 31 24 28 27 23 22
22 18 22 19 26 19 26 18
32 20 32 25 37 25 37 20
35 19 34 19 34 23 35 23
28 20 30 18 32 20 30 22
27 32 27 29 33 29 33 32
36 12 31 17 33 19 38 14
43 26 40 29 34 23 37 20
43 29 44 29 44 26 43 26
26 32 20 26 28 18 34 24
26 35 26 32 27 32 27 35
38 37 38 25 37 25 37 37
36 35 36 34 40 34 40 35
46 26 44 24 41 27 43 29
46 24 44 24 44 26 46 26
25 28 25 22 27 22 27 28
28 43 25 40 33 32 36 35
27 41 27 43 28 43 28 41
25 14 20 19 22 21 27 16
40 44 40 43 28 43 28 44
21 17 23 15 24 16 22 18
11 21 18 14 21 17 14 24
25 15 23 15 23 14 25 14
27 17 26 18 24 16 25 15
15 27 15 41 16 41 16 27
29 34 34 39 35 38 30 33
29 39 30 38 27 35 26 36
19 21 20 21 20 22 19 22
22 47 28 41 22 35 16 41
