70
17 16 18 17 17 18 16 17
27 17 18 17 18 16 27 16
14 11 14 13 15 13 15 11
18 25 18 26 19 26 19 25
17 27 18 26 17 25 16 26
17 26 18 26 18 27 17 27
12 13 14 13 14 18 12 18
13 14 14 13 13 12 12 13
19 13 19 9 21 9 21 13
16 6 19 9 15 13 12 10
9 20 9 17 11 17 11 20
14 20 14 22 11 22 11 20
15 21 14 22 13 21 14 20
15 25 15 21 13 21 13 25
10 18 9 17 10 16 11 17
9 25 9 26 10 26 10 25
13 19 13 17 16 17 16 19
17 14 15 14 15 13 17 13
15 26 13 26 13 27 15 27
17 12 15 14 14 13 16 11
22 12 17 12 17 10 22 10
19 7 21 9 17 13 15 11
26 25 25 25 25 22 26 22
23 25 25 25 25 26 23 26
18 20 23 25 24 24 19 19
27 23 25 25 24 24 26 22
16 22 15 21 17 19 18 20
24 23 17 23 17 24 24 24
12 21 12 18 10 18 10 21
9 21 12 18 13 19 10 22
17 22 16 22 16 19 17 19
14 24 16 22 17 23 15 25
15 6 16 6 16 11 15 11
16 25 15 25 15 26 16 26
17 15 17 16 18 16 18 15
16 15 17 14 18 15 17 16
9 22 9 21 10 21 10 22
23 13 22 12 21 13 22 14
16 16 17 16 17 17 16 17
9 23 10 22 13 25 12 26
15 20 15 18 14 18 14 20
11 24 13 26 17 22 15 20
22 19 22 14 20 14 20 19
23 15 22 14 18 18 19 19
18 21 15 21 15 20 18 20
21 20 22 19 25 22 24 23
19 20 18 21 16 19 17 18
13 15 13 14 15 14 15 15
24 20 24 23 27 23 27 20
24 15 23 15 23 13 24 13
22 13 24 15 20 19 18 17
23 12 22 12 22 13 23 13
25 18 25 15 24 15 24 18
19 22 19 20 21 20 21 22
29 22 27 24 25 22 27 20
20 21 19 20 20 19 21 20
19 6 22 9 17 14 14 11
24 19 24 18 23 18 23 19
16 5 15 6 22 13 23 12
19 5 16 5 16 6 19 6
19 15 20 14 24 18 23 19
18 14 19 15 18 16 17 15
14 10 12 10 12 11 14 11
19 14 18 14 18 15 19 15
9 15 14 10 15 11 10 16
15 16 16 16 16 15 15 15
9 24 10 23 11 24 10 25
6 22 9 25 13 21 10 18
6 23 9 23 9 22 6 22
8 26 9 25 10 26 9 27
