64
22 21 18 17 17 18 21 22
17 17 18 17 18 18 17 18
21 24 15 24 15 23 21 23
21 11 21 16 10 16 10 11
10 24 15 24 15 26 10 26
13 22 15 24 14 25 12 23
27 10 23 10 23 9 27 9
29 16 23 10 20 13 26 19
29 22 21 22 21 16 29 16
14 22 14 25 13 25 13 22
22 24 27 19 26 18 21 23
21 27 20 26 22 24 23 25
24 7 27 10 21 16 18 13
23 26 23 25 24 25 24 26
27 23 27 19 26 19 26 23
8 16 9 17 10 16 9 15
11 15 11 17 9 17 9 15
15 14 13 14 13 18 15 18
9 18 13 14 14 15 10 19
18 14 15 14 15 13 18 13
19 10 15 14 18 17 22 13
15 21 15 23 12 23 12 21
16 22 15 21 14 22 15 23
24 23 26 23 26 25 24 25
17 15 14 15 14 17 17 17
19 9 11 9 11 10 19 10
21 7 19 9 21 11 23 9
14 13 13 14 10 11 11 10
23 13 22 12 17 17 18 18
23 12 22 12 22 13 23 13
11 13 14 13 14 15 11 15
18 8 19 9 15 13 14 12
14 19 15 18 14 17 13 18
11 19 14 19 14 17 11 17
30 23 29 22 26 25 27 26
15 19 15 18 17 18 17 19
22 27 21 27 21 24 22 24
16 33 10 27 16 21 22 27
14 20 14 19 15 19 15 20
16 20 15 21 14 20 15 19
22 20 16 20 16 21 22 21
11 25 10 24 9 25 10 26
7 21 10 24 14 20 11 17
22 23 24 25 23 26 21 24
7 14 7 21 12 21 12 14
24 21 22 21 22 23 24 23
28 21 26 23 24 21 26 19
28 7 28 21 24 21 24 7
23 19 18 14 17 15 22 20
17 25 23 25 23 19 17 19
23 15 23 17 18 17 18 15
23 18 26 18 26 19 23 19
15 27 13 25 15 23 17 25
30 26 27 26 27 23 30 23
27 29 24 26 27 23 30 26
24 29 24 26 27 26 27 29
20 27 20 26 15 26 15 27
25 28 23 26 22 27 24 29
22 29 26 25 24 23 20 27
9 20 9 18 13 18 13 20
8 19 10 19 10 16 8 16
11 22 9 20 10 19 12 21
9 22 9 25 11 25 11 22
15 8 15 12 18 12 18 8
