46
19 24 18 23 19 22 20 23
2 12 7 17 12 12 7 7
20 15 20 14 22 14 22 15
18 15 18 23 20 23 20 15
16 14 20 14 20 12 16 12
24 16 21 19 19 17 22 14
24 15 23 16 22 15 23 14
23 10 23 13 22 13 22 10
24 12 23 13 21 11 22 10
23 18 23 19 21 19 21 18
10 24 19 24 19 22 10 22
24 17 23 16 22 17 23 18
24 23 22 23 22 17 24 17
13 21 17 21 17 18 13 18
15 19 17 21 15 23 13 21
9 10 7 10 7 7 9 7
2 10 7 10 7 12 2 12
-1 13 10 24 13 21 2 10
12 13 7 13 7 12 12 12
13 12 12 13 10 11 11 10
14 15 12 13 9 16 11 18
14 14 16 14 16 15 14 15
15 3 21 9 16 14 10 8
-1 17 -1 13 7 13 7 17
0 18 -1 17 9 7 10 8
14 10 12 12 14 14 16 12
15 9 14 10 12 8 13 7
16 7 13 7 13 12 16 12
19 16 20 15 22 17 21 18
14 16 14 17 19 17 19 16
21 20 16 15 14 17 19 22
8 11 7 12 13 18 14 17
8 9 9 10 8 11 7 10
10 9 8 9 8 11 10 11
30 16 24 16 24 17 30 17
10 20 9 21 10 22 11 21
18 3 18 9 15 9 15 3
13 15 9 19 10 20 14 16
17 2 18 3 11 10 10 9
11 15 13 15 13 18 11 18
26 21 24 23 21 20 23 18
18 11 18 9 21 9 21 11
19 20 21 20 21 19 19 19
30 14 23 14 23 13 30 13
26 20 26 21 21 21 21 20
24 10 20 14 26 20 30 16
