70
32 30 26 30 26 28 32 28
35 32 35 33 34 33 34 32
10 23 16 29 22 23 16 17
33 35 35 33 34 32 32 34
28 32 26 30 30 26 32 28
12 20 20 20 20 19 12 19
24 20 20 20 20 22 24 22
19 21 20 20 21 21 20 22
19 30 20 29 17 26 16 27
16 30 16 29 19 29 19 30
12 29 14 31 13 32 11 30
16 31 14 31 14 30 16 30
13 31 14 31 14 32 13 32
30 32 32 30 28 26 26 28
20 23 15 23 15 22 20 22
20 28 15 23 14 24 19 29
25 22 25 34 24 34 24 22
5 20 16 31 25 22 14 11
14 22 14 15 15 15 15 22
18 18 14 22 12 20 16 16
11 17 12 18 15 15 14 14
12 17 14 15 13 14 11 16
11 18 12 18 12 17 11 17
14 28 14 24 20 24 20 28
32 16 32 14 30 14 30 16
35 16 35 19 32 19 32 16
31 15 32 14 31 13 30 14
11 29 12 29 12 30 11 30
35 15 31 15 31 13 35 13
21 14 20 15 18 13 19 12
37 17 35 19 33 17 35 15
37 12 37 17 33 17 33 12
15 29 20 24 21 25 16 30
21 15 20 15 20 19 21 19
31 17 32 16 31 15 30 16
12 23 15 23 15 29 12 29
33 25 32 25 32 26 33 26
10 20 12 20 12 23 10 23
9 21 10 20 14 24 13 25
32 23 32 25 31 25 31 23
29 20 20 29 23 32 32 23
23 17 16 17 16 16 23 16
29 19 29 20 27 20 27 19
34 20 31 17 29 19 32 22
30 27 32 25 27 20 25 22
31 18 31 17 33 17 33 18
29 24 29 29 22 29 22 24
26 26 29 29 24 34 21 31
36 11 37 12 31 18 30 17
25 20 22 23 26 27 29 24
32 11 24 19 25 20 33 12
25 19 24 19 24 20 25 20
32 27 30 27 30 26 32 26
12 14 13 14 13 11 12 11
13 27 14 28 12 30 11 29
33 28 32 27 33 26 34 27
33 27 32 27 32 28 33 28
30 35 33 35 33 32 30 32
34 26 33 26 33 27 34 27
29 10 35 16 33 18 27 12
34 31 35 32 34 33 33 32
23 13 25 15 23 17 21 15
16 11 16 12 14 12 14 11
25 14 25 15 21 15 21 14
16 32 19 29 20 30 17 33
28 31 28 32 30 32 30 31
19 33 16 30 14 32 17 35
20 33 20 30 19 30 19 33
18 35 20 33 16 29 14 31
18 33 18 35 17 35 17 33
