70
23 26 22 26 22 25 23 25
22 28 22 26 19 26 19 28
26 22 23 25 22 24 25 21
27 31 22 26 23 25 28 30
23 22 23 25 26 25 26 22
14 26 14 22 11 22 11 26
28 23 28 30 29 30 29 23
16 15 16 13 17 13 17 15
15 13 16 13 16 12 15 12
14 15 16 13 18 15 16 17
14 13 14 15 15 15 15 13
13 13 14 13 14 11 13 11
11 16 14 13 16 15 13 18
20 10 22 10 22 11 20 11
28 11 28 14 27 14 27 11
28 17 28 14 29 14 29 17
18 10 19 11 17 13 16 12
19 10 18 10 18 11 19 11
16 19 13 19 13 18 16 18
21 13 19 11 20 10 22 12
9 23 13 19 14 20 10 24
9 19 13 19 13 23 9 23
10 18 14 22 13 23 9 19
11 17 13 19 17 15 15 13
30 29 26 25 25 26 29 30
28 18 22 12 23 11 29 17
24 23 28 23 28 18 24 18
24 11 25 11 25 16 24 16
10 21 22 21 22 24 10 24
27 16 22 21 23 22 28 17
25 24 26 25 28 23 27 22
22 13 22 14 21 14 21 13
17 22 23 22 23 19 17 19
29 12 28 11 26 13 27 14
29 21 30 20 28 18 27 19
26 10 26 11 27 11 27 10
23 28 23 26 25 26 25 28
22 30 22 28 23 28 23 30
23 31 22 30 29 23 30 24
26 12 25 11 26 10 27 11
27 30 27 31 23 31 23 30
14 10 16 12 15 13 13 11
20 29 23 26 22 25 19 28
9 11 10 10 11 11 10 12
9 16 11 16 11 11 9 11
29 13 26 13 26 12 29 12
12 10 10 10 10 12 12 12
22 16 24 18 28 14 26 12
22 18 22 16 24 16 24 18
15 27 14 26 22 18 23 19
20 16 22 18 24 16 22 14
17 12 18 11 19 12 18 13
19 20 25 26 23 28 17 22
16 10 16 12 17 12 17 10
30 26 25 26 25 24 30 24
21 12 22 11 23 12 22 13
19 13 21 13 21 12 19 12
19 7 16 10 19 13 22 10
20 7 20 10 19 10 19 7
11 30 10 30 10 26 11 26
27 21 27 19 25 19 25 21
18 14 20 16 19 17 17 15
21 32 23 30 19 26 17 28
13 32 21 32 21 23 13 23
29 22 27 22 27 21 29 21
30 22 29 22 29 23 30 23
16 29 13 32 11 30 14 27
25 32 23 30 25 28 27 30
19 18 19 17 16 17 16 18
16 28 16 29 17 29 17 28
