70
13 20 16 20 16 16 13 16
16 23 16 20 17 20 17 23
18 22 16 20 18 18 20 20
13 36 13 33 17 33 17 36
11 31 13 33 18 28 16 26
25 30 25 32 24 32 24 30
25 35 25 32 27 32 27 35
22 35 25 32 26 33 23 36
27 29 16 29 16 26 27 26
17 28 16 29 18 31 19 30
39 28 39 33 34 33 34 28
20 17 20 20 17 20 17 17
22 19 22 17 24 17 24 19
19 35 18 35 18 31 19 31
34 24 34 28 33 28 33 24
37 25 34 28 35 29 38 26
23 35 22 35 22 28 23 28
21 35 22 35 22 36 21 36
32 18 32 21 33 21 33 18
14 30 14 31 18 31 18 30
34 19 32 21 31 20 33 18
31 19 34 19 34 14 31 14
37 19 34 19 34 21 37 21
33 22 32 21 31 22 32 23
22 15 24 17 22 19 20 17
35 30 32 30 32 29 35 29
32 31 32 30 29 30 29 31
31 28 26 23 24 25 29 30
37 26 35 26 35 25 37 25
24 23 26 23 26 19 24 19
15 32 18 35 27 26 24 23
31 29 32 30 30 32 29 31
30 22 31 22 31 23 30 23
38 25 34 21 33 22 37 26
20 30 20 31 19 31 19 30
28 26 31 29 32 28 29 25
19 27 23 27 23 23 19 23
38 18 36 18 36 15 38 15
37 17 36 18 37 19 38 18
25 25 23 27 21 25 23 23
27 25 25 25 25 22 27 22
37 32 37 26 38 26 38 32
18 24 17 23 18 22 19 23
37 34 37 35 38 35 38 34
30 20 25 25 29 29 34 24
25 36 23 36 23 35 25 35
33 39 37 35 33 31 29 35
32 12 33 13 27 19 26 18
28 12 32 12 32 13 28 13
18 25 24 19 22 17 16 23
16 32 18 30 19 31 17 33
15 29 16 29 16 32 15 32
38 20 37 19 36 20 37 21
36 12 34 14 37 17 39 15
25 38 25 36 26 36 26 38
41 30 39 28 35 32 37 34
31 26 33 24 35 26 33 28
27 18 26 18 26 19 27 19
25 16 24 17 26 19 27 18
21 30 24 30 24 25 21 25
32 33 33 33 33 31 32 31
20 15 20 17 22 17 22 15
13 38 16 35 17 36 14 39
23 12 20 15 22 17 25 14
16 13 20 17 17 20 13 16
14 13 16 13 16 14 14 14
29 28 29 29 31 29 31 28
21 24 21 25 18 25 18 24
27 38 29 38 29 35 27 35
28 33 25 36 27 38 30 35
