70
17 23 15 21 17 19 19 21
12 21 15 21 15 20 12 20
29 13 27 13 27 11 29 11
21 21 20 20 21 19 22 20
24 13 27 13 27 14 24 14
26 12 27 13 28 12 27 11
10 27 12 25 11 24 9 26
14 23 12 25 13 26 15 24
29 20 28 21 24 17 25 16
10 17 9 17 9 15 10 15
12 23 11 23 11 24 12 24
11 15 9 17 12 20 14 18
9 27 9 26 10 26 10 27
12 22 11 23 12 24 13 23
23 17 24 17 24 14 23 14
18 11 18 10 19 10 19 11
12 10 18 10 18 9 12 9
8 20 18 10 19 11 9 21
11 28 10 27 9 28 10 29
8 23 11 23 11 20 8 20
17 16 17 14 20 14 20 16
22 19 17 14 18 13 23 18
22 18 22 19 23 19 23 18
26 23 22 19 19 22 23 26
26 24 26 23 24 23 24 24
22 11 19 11 19 13 22 13
27 22 26 23 27 24 28 23
17 24 17 23 15 23 15 24
12 28 12 27 15 27 15 28
14 29 12 27 13 26 15 28
13 29 13 26 14 26 14 29
27 23 26 23 26 22 27 22
28 24 28 23 27 23 27 24
23 9 24 10 20 14 19 13
29 19 24 19 24 20 29 20
11 27 12 27 12 25 11 25
20 32 24 28 20 24 16 28
10 28 10 27 11 27 11 28
9 29 9 28 10 28 10 29
24 9 24 10 23 10 23 9
16 25 15 25 15 27 16 27
29 27 25 27 25 28 29 28
23 25 25 27 26 26 24 24
30 26 29 27 28 26 29 25
26 25 23 25 23 26 26 26
18 28 15 25 17 23 20 26
19 28 18 28 18 29 19 29
27 25 26 25 26 24 27 24
27 26 26 25 24 27 25 28
30 27 29 27 29 26 30 26
13 25 14 26 12 28 11 27
22 24 20 24 20 20 22 20
23 13 25 11 26 12 24 14
25 10 25 11 27 11 27 10
21 27 23 25 22 24 20 26
15 19 15 18 14 18 14 19
11 14 15 18 14 19 10 15
10 11 9 12 11 14 12 13
10 14 11 14 11 11 10 11
26 9 28 9 28 12 26 12
27 8 26 9 27 10 28 9
20 27 20 26 21 26 21 27
10 22 12 22 12 21 10 21
25 8 26 9 25 10 24 9
26 8 26 9 25 9 25 8
13 22 12 22 12 23 13 23
9 25 10 24 11 25 10 26
18 17 24 23 21 26 15 20
14 30 16 28 15 27 13 29
21 23 24 23 24 22 21 22
