70
15 21 16 20 15 19 14 20
15 20 15 21 16 21 16 20
16 17 16 20 17 20 17 17
14 21 15 21 15 25 14 25
17 23 15 21 13 23 15 25
19 23 16 20 21 15 24 18
35 29 35 33 34 33 34 29
30 38 35 33 31 29 26 34
31 28 31 29 29 29 29 28
28 26 31 29 33 27 30 24
12 31 14 31 14 33 12 33
28 14 28 12 27 12 27 14
29 12 28 12 28 11 29 11
23 35 23 34 26 34 26 35
29 30 28 30 28 29 29 29
26 30 28 30 28 34 26 34
26 29 26 30 25 30 25 29
25 31 26 30 25 29 24 30
31 11 32 12 30 14 29 13
30 32 28 30 29 29 31 31
32 11 32 12 31 12 31 11
13 14 13 17 16 17 16 14
12 17 13 17 13 19 12 19
22 17 24 17 24 18 22 18
21 17 22 17 22 15 21 15
19 22 24 17 22 15 17 20
21 18 22 17 24 19 23 20
23 25 24 26 22 28 21 27
26 15 24 17 25 18 27 16
24 12 26 14 25 15 23 13
19 25 23 25 23 23 19 23
21 26 24 26 24 22 21 22
34 20 34 21 35 21 35 20
32 19 34 21 35 20 33 18
20 30 20 31 24 31 24 30
32 21 34 21 34 22 32 22
37 26 32 21 30 23 35 28
32 20 32 21 23 21 23 20
21 28 22 28 22 27 21 27
19 30 20 31 22 29 21 28
25 28 22 28 22 29 25 29
28 22 28 14 30 14 30 22
14 34 14 33 15 33 15 34
17 30 14 33 15 34 18 31
15 30 17 30 17 29 15 29
34 28 31 31 32 32 35 29
34 26 34 28 31 28 31 26
37 22 37 26 34 26 34 22
25 19 24 19 24 18 25 18
11 21 13 19 14 20 12 22
26 18 26 16 27 16 27 18
32 38 32 32 30 32 30 38
25 33 31 33 31 31 25 31
27 26 22 21 21 22 26 27
29 35 31 33 30 32 28 34
16 32 21 32 21 28 16 28
17 36 21 32 20 31 16 35
24 13 24 12 23 12 23 13
13 27 14 26 16 28 15 29
18 13 18 14 21 14 21 13
25 17 26 18 25 19 24 18
17 13 18 14 17 15 16 14
19 15 18 14 20 12 21 13
24 15 24 17 25 17 25 15
22 32 24 30 22 28 20 30
16 36 16 35 17 35 17 36
28 28 29 29 33 25 32 24
12 25 12 22 11 22 11 25
10 24 12 22 13 23 11 25
9 28 12 25 15 28 12 31
