70
15 19 16 20 17 19 16 18
18 20 16 20 16 21 18 21
24 24 23 25 21 23 22 22
18 22 16 20 14 22 16 24
24 25 23 25 23 24 24 24
22 26 23 25 24 26 23 27
22 27 22 26 21 26 21 27
23 26 22 26 22 25 23 25
14 20 14 22 13 22 13 20
14 24 14 22 16 22 16 24
13 24 12 25 13 26 14 25
10 25 12 25 12 22 10 22
26 15 26 14 25 14 25 15
24 12 26 14 25 15 23 13
10 26 10 27 11 27 11 26
9 26 10 27 11 26 10 25
9 25 9 26 10 26 10 25
13 27 13 26 15 26 15 27
20 8 21 9 19 11 18 10
24 27 24 26 23 26 23 27
21 8 21 9 20 9 20 8
18 24 16 22 14 24 16 26
19 23 22 26 21 27 18 24
17 11 18 10 17 9 16 10
13 25 13 24 14 24 14 25
12 26 13 26 13 25 12 25
12 17 12 18 11 18 11 17
10 19 9 19 9 20 10 20
13 19 12 18 18 12 19 13
9 9 9 10 10 10 10 9
15 14 17 14 17 19 15 19
14 15 15 14 10 9 9 10
21 13 24 10 23 9 20 12
7 23 10 20 12 22 9 25
24 18 26 16 25 15 23 17
21 10 24 10 24 12 21 12
19 22 18 21 19 20 20 21
26 17 26 16 27 16 27 17
19 12 18 12 18 13 19 13
20 11 19 11 19 12 20 12
19 21 18 21 18 22 19 22
19 16 20 15 19 14 18 15
24 19 23 20 24 21 25 20
24 23 24 21 21 21 21 23
23 18 24 19 26 17 25 16
23 19 24 19 24 18 23 18
9 23 10 22 13 25 12 26
24 20 24 21 25 21 25 20
25 22 24 21 23 22 24 23
25 19 25 20 26 20 26 19
14 19 16 17 14 15 12 17
13 15 14 15 14 19 13 19
20 25 18 23 19 22 21 24
17 26 16 26 16 24 17 24
27 19 26 18 25 19 26 20
27 18 26 18 26 19 27 19
7 20 7 23 9 23 9 20
22 17 20 17 20 15 22 15
22 18 22 17 23 17 23 18
20 18 20 17 16 17 16 18
21 16 22 17 21 18 20 17
21 14 20 15 21 16 22 15
13 11 14 10 16 12 15 13
13 10 14 10 14 11 13 11
8 15 13 10 14 11 9 16
24 9 26 11 24 13 22 11
15 10 16 10 16 12 15 12
25 24 24 23 23 24 24 25
28 22 26 20 25 21 27 23
25 23 24 23 24 24 25 24
