58
14 28 13 27 20 20 21 21
26 24 26 21 27 21 27 24
12 15 12 13 15 13 15 15
29 24 26 21 24 23 27 26
11 14 12 13 13 14 12 15
17 20 20 20 20 24 17 24
13 18 12 19 9 16 10 15
22 19 22 23 15 23 15 19
29 15 27 13 24 16 26 18
14 20 14 19 12 19 12 20
18 13 17 12 18 11 19 12
14 17 14 19 15 19 15 17
22 25 22 26 19 26 19 25
22 27 22 26 27 26 27 27
21 27 22 26 20 24 19 25
25 29 22 26 24 24 27 27
9 14 11 14 11 13 9 13
14 24 15 23 12 20 11 21
16 16 16 22 24 22 24 16
18 26 15 23 16 22 19 25
22 11 22 19 25 19 25 11
26 15 22 19 18 15 22 11
14 21 14 24 11 24 11 21
29 16 26 16 26 15 29 15
25 20 20 15 21 14 26 19
26 12 25 11 19 17 20 18
25 21 26 21 26 20 25 20
11 15 12 15 12 19 11 19
17 28 14 28 14 24 17 24
10 16 10 15 9 15 9 16
20 12 20 15 26 15 26 12
27 18 26 18 26 19 27 19
19 15 15 11 11 15 15 19
18 10 15 13 17 15 20 12
15 10 15 11 18 11 18 10
19 18 24 23 22 25 17 20
29 26 27 26 27 24 29 24
24 10 24 9 25 9 25 10
21 13 24 10 23 9 20 12
27 14 27 13 21 13 21 14
26 10 25 11 24 10 25 9
13 25 13 18 19 18 19 25
10 21 12 19 14 21 12 23
10 19 10 21 11 21 11 19
26 11 25 11 25 10 26 10
28 20 27 19 26 20 27 21
18 17 19 17 19 15 18 15
16 15 18 17 20 15 18 13
15 16 16 16 16 15 15 15
10 27 10 25 13 25 13 27
11 26 10 25 9 26 10 27
9 24 9 26 11 26 11 24
28 17 26 15 27 14 29 16
16 29 11 24 12 23 17 28
10 23 11 24 10 25 9 24
14 16 15 15 16 16 15 17
25 23 24 22 23 23 24 24
28 22 26 24 25 23 27 21
