47
23 10 21 10 21 15 23 15
16 23 16 20 13 20 13 23
26 23 29 23 29 22 26 22
26 5 21 10 26 15 31 10
30 27 25 32 21 28 26 23
26 13 23 10 15 18 18 21
31 20 31 17 28 17 28 20
26 12 31 17 28 20 23 15
20 25 20 23 26 23 26 25
18 23 20 23 20 21 18 21
18 25 20 23 18 21 16 23
16 25 18 23 20 25 18 27
13 18 18 23 20 21 15 16
14 28 21 28 21 26 14 26
25 28 21 28 21 30 25 30
31 30 31 32 25 32 25 30
20 32 20 29 11 29 11 32
17 35 20 32 14 26 11 29
14 24 17 21 16 20 13 23
17 31 17 21 10 21 10 31
22 26 17 21 21 17 26 22
23 18 26 15 28 17 25 20
14 5 26 5 26 12 14 12
17 14 16 13 14 15 15 16
14 25 14 24 13 24 13 25
18 31 13 26 14 25 19 30
15 25 14 24 13 25 14 26
26 21 25 20 20 25 21 26
25 15 25 18 23 18 23 15
22 21 25 18 29 22 26 25
13 16 15 16 15 18 13 18
22 22 22 21 26 21 26 22
31 11 31 10 27 10 27 11
11 18 13 16 15 18 13 20
11 20 11 18 13 18 13 20
30 31 30 27 18 27 18 31
25 26 30 31 31 30 26 25
28 26 25 26 25 20 28 20
15 22 16 23 14 25 13 24
21 33 20 32 27 25 28 26
11 13 13 11 14 12 12 14
25 19 21 15 18 18 22 22
18 35 18 31 17 31 17 35
21 22 21 26 22 26 22 22
21 20 22 21 21 22 20 21
21 19 21 20 25 20 25 19
18 8 14 12 21 19 25 15
