70
33 38 33 36 29 36 29 38
18 16 18 17 20 17 20 16
29 32 25 32 25 31 29 31
27 26 18 17 14 21 23 30
28 41 33 36 30 33 25 38
27 30 25 32 27 34 29 32
20 21 20 20 18 20 18 21
20 18 20 20 22 20 22 18
17 23 20 20 28 28 25 31
18 18 20 20 22 18 20 16
29 35 29 32 33 32 33 35
27 15 27 13 25 13 25 15
17 13 14 13 14 16 17 16
31 30 29 32 30 33 32 31
34 27 34 28 32 28 32 27
35 29 34 28 35 27 36 28
20 34 23 34 23 30 20 30
26 34 23 34 23 36 26 36
27 38 27 34 28 34 28 38
21 32 23 34 25 32 23 30
25 33 25 32 21 32 21 33
15 15 15 14 22 14 22 15
27 17 35 17 35 19 27 19
29 15 27 13 25 15 27 17
33 31 33 29 34 29 34 31
25 37 22 37 22 38 25 38
20 41 20 40 21 40 21 41
13 15 13 19 15 19 15 15
17 21 17 23 14 23 14 21
24 39 22 37 23 36 25 38
16 20 17 21 18 20 17 19
16 18 16 20 18 20 18 18
43 33 41 35 38 32 40 30
34 18 35 19 33 21 32 20
32 30 33 31 29 35 28 34
33 15 35 17 34 18 32 16
36 34 33 31 35 29 38 32
31 29 32 30 33 29 32 28
32 29 31 29 31 30 32 30
16 43 22 37 19 34 13 40
24 25 24 28 28 28 28 25
40 35 40 36 33 36 33 35
13 34 13 37 19 37 19 34
23 39 21 41 20 40 22 38
41 33 41 35 40 35 40 33
45 37 41 33 37 37 41 41
45 27 45 37 37 37 37 27
46 28 41 33 40 32 45 27
32 33 29 36 34 41 37 38
32 13 32 16 31 16 31 13
27 39 27 38 25 38 25 39
34 15 33 15 33 18 34 18
23 18 25 20 22 23 20 21
27 22 25 20 32 13 34 15
25 23 25 20 22 20 22 23
15 30 19 34 21 32 17 28
15 33 15 30 16 30 16 33
19 11 22 14 20 16 17 13
18 28 18 23 17 23 17 28
19 27 18 28 19 29 20 28
18 30 18 28 20 28 20 30
19 31 18 30 19 29 20 30
38 30 38 32 40 32 40 30
24 12 23 13 24 14 25 13
22 12 24 12 24 14 22 14
27 20 27 22 28 22 28 20
25 19 25 20 27 20 27 19
32 34 36 34 36 33 32 33
34 23 35 23 35 27 34 27
32 21 34 23 39 18 37 16
