70
24 31 25 32 24 33 23 32
24 32 24 33 23 33 23 32
28 11 28 12 34 12 34 11
25 31 25 32 24 32 24 31
28 15 28 12 27 12 27 15
34 23 34 28 32 28 32 23
28 34 34 28 31 25 25 31
19 17 19 18 17 18 17 17
32 31 19 18 16 21 29 34
13 33 12 34 11 33 12 32
16 31 17 30 20 33 19 34
13 35 13 33 11 33 11 35
17 28 17 30 12 30 12 28
32 19 32 21 27 21 27 19
28 17 32 21 31 22 27 18
26 24 26 23 23 23 23 24
12 36 13 35 12 34 11 35
14 36 13 35 18 30 19 31
26 4 34 12 27 19 19 11
15 36 15 14 14 14 14 36
31 4 31 22 26 22 26 4
33 22 31 22 31 25 33 25
29 24 31 22 32 23 30 25
29 29 29 34 28 34 28 29
21 11 19 11 19 17 21 17
18 22 18 30 21 30 21 22
24 8 28 12 25 15 21 11
23 29 22 30 24 32 25 31
25 19 28 16 27 15 24 18
33 21 28 16 29 15 34 20
29 16 28 16 28 15 29 15
20 29 20 33 13 33 13 29
27 24 26 23 20 29 21 30
13 27 13 21 16 21 16 27
30 28 29 29 33 33 34 32
32 16 33 15 34 16 33 17
34 19 34 16 32 16 32 19
35 18 34 19 27 12 28 11
35 20 34 19 32 21 33 22
35 19 34 19 34 20 35 20
10 18 13 21 17 17 14 14
22 25 23 24 28 29 27 30
23 25 22 25 22 24 23 24
25 18 25 15 27 15 27 18
28 25 23 25 23 29 28 29
20 23 22 25 19 28 17 26
28 23 27 24 28 25 29 24
28 24 28 23 27 23 27 24
16 19 16 21 19 21 19 19
33 10 34 11 29 16 28 15
29 10 29 15 33 15 33 10
29 25 29 24 28 24 28 25
6 20 12 26 18 20 12 14
14 12 14 14 12 14 12 12
6 22 6 20 18 20 18 22
18 8 14 12 17 15 21 11
12 18 12 26 17 26 17 18
36 24 33 21 29 25 32 28
11 27 12 26 13 27 12 28
24 12 24 18 23 18 23 12
27 8 24 8 24 12 27 12
24 19 24 18 25 18 25 19
11 29 11 27 13 27 13 29
20 18 20 23 23 23 23 18
17 38 15 36 21 30 23 32
18 38 18 30 17 30 17 38
33 6 29 10 27 8 31 4
24 22 20 18 19 19 23 23
20 16 21 17 20 18 19 17
10 14 12 14 12 18 10 18
