70
36 33 33 36 31 34 34 31
33 34 33 36 31 36 31 34
25 31 26 30 25 29 24 30
32 37 33 36 34 37 33 38
31 37 32 37 32 38 31 38
25 30 26 30 26 29 25 29
27 31 26 30 30 26 31 27
16 25 16 29 14 29 14 25
18 27 16 29 18 31 20 29
17 35 18 35 18 36 17 36
15 13 14 13 14 22 15 22
16 33 18 35 17 36 15 34
21 38 18 35 22 31 25 34
20 30 20 29 16 29 16 30
22 27 20 29 22 31 24 29
33 25 36 25 36 22 33 22
34 27 36 25 35 24 33 26
7 29 14 22 20 28 13 35
30 39 31 38 27 34 26 35
13 21 14 22 17 19 16 18
36 39 34 37 35 36 37 38
20 36 20 38 21 38 21 36
21 39 20 38 25 33 26 34
23 33 23 34 25 34 25 33
26 31 23 34 22 33 25 30
27 35 27 34 26 34 26 35
27 30 26 30 26 31 27 31
26 26 26 23 30 23 30 26
23 25 24 26 34 16 33 15
25 26 24 26 24 29 25 29
23 27 23 25 22 25 22 27
24 25 23 25 23 23 24 23
31 18 26 23 33 30 38 25
13 24 13 35 17 35 17 24
11 36 14 33 15 34 12 37
26 28 24 26 23 27 25 29
26 17 32 23 33 22 27 16
27 39 21 39 21 38 27 38
28 32 32 32 32 31 28 31
16 12 16 15 18 15 18 12
13 15 16 15 16 18 13 18
21 20 16 15 13 18 18 23
25 37 25 36 31 36 31 37
36 20 31 15 25 21 30 26
22 8 18 12 25 19 29 15
16 36 16 33 14 33 14 36
36 19 36 20 37 20 37 19
34 23 33 22 36 19 37 20
34 17 34 23 32 23 32 17
37 21 36 20 37 19 38 20
24 15 24 12 25 12 25 15
41 15 37 19 34 16 38 12
20 34 24 30 20 26 16 30
30 38 27 38 27 35 30 35
31 39 31 38 30 38 30 39
35 14 35 12 38 12 38 14
28 39 27 38 30 35 31 36
20 20 20 26 21 26 21 20
36 16 34 16 34 15 36 15
32 26 31 26 31 27 32 27
32 12 36 16 33 19 29 15
33 12 32 12 32 15 33 15
26 21 31 26 29 28 24 23
26 19 26 21 25 21 25 19
32 25 31 26 32 27 33 26
38 21 37 21 37 20 38 20
22 17 24 15 21 12 19 14
39 32 37 30 34 33 36 35
32 30 32 27 33 27 33 30
35 30 37 30 37 31 35 31
