34
8 17 8 18 9 18 9 17
22 9 22 8 23 8 23 9
18 17 9 17 9 16 18 16
12 22 12 19 15 19 15 22
13 21 12 22 8 18 9 17
10 10 10 12 9 12 9 10
6 14 9 17 13 13 10 10
13 12 10 12 10 13 13 13
22 13 18 17 13 12 17 8
13 15 10 12 13 9 16 12
20 16 18 16 18 13 20 13
12 8 13 8 13 9 12 9
17 4 13 8 18 13 22 9
22 14 18 10 16 12 20 16
17 21 15 23 13 21 15 19
17 15 17 21 13 21 13 15
16 14 22 8 23 9 17 15
14 18 17 15 18 16 15 19
21 16 18 13 12 19 15 22
16 19 16 14 22 14 22 19
6 13 6 14 8 14 8 13
17 7 22 7 22 8 17 8
13 10 12 9 9 12 10 13
23 13 22 13 22 14 23 14
5 11 8 14 10 12 7 9
7 23 8 23 8 18 7 18
5 14 8 17 9 16 6 13
16 6 17 7 15 9 14 8
16 10 16 12 13 12 13 10
18 6 16 6 16 10 18 10
9 22 11 22 11 18 9 18
23 11 18 6 17 7 22 12
13 7 14 8 13 9 12 8
13 4 17 4 17 7 13 7
