70
34 39 32 37 33 36 35 38
32 38 32 37 35 37 35 38
13 23 16 20 17 21 14 24
16 21 16 20 17 20 17 21
12 20 16 20 16 19 12 19
32 36 33 36 33 35 32 35
21 17 21 16 22 16 22 17
24 13 21 16 22 17 25 14
26 32 25 32 25 35 26 35
26 31 25 32 24 31 25 30
35 19 34 19 34 21 35 21
24 33 25 32 27 34 26 35
23 33 24 33 24 34 23 34
36 21 34 19 32 21 34 23
27 19 27 13 24 13 24 19
28 12 27 13 31 17 32 16
27 12 27 13 28 13 28 12
12 13 14 13 14 14 12 14
24 29 20 29 20 30 24 30
19 30 20 29 24 33 23 34
17 26 20 29 22 27 19 24
22 25 22 26 25 26 25 25
20 26 22 26 22 27 20 27
19 29 22 26 20 24 17 27
36 34 37 33 34 30 33 31
32 20 32 21 25 21 25 20
37 34 37 33 36 33 36 34
25 29 33 29 33 30 25 30
29 34 27 34 27 36 29 36
25 23 26 23 26 24 25 24
24 23 25 23 25 22 24 22
26 22 25 23 24 22 25 21
29 25 33 29 34 28 30 24
31 18 26 23 25 22 30 17
27 24 26 23 25 24 26 25
31 19 34 19 34 18 31 18
27 27 25 25 26 24 28 26
26 18 26 14 25 14 25 18
18 16 18 19 16 19 16 16
17 18 18 19 17 20 16 19
15 31 15 32 13 32 13 31
13 30 15 32 16 31 14 29
27 31 26 32 24 30 25 29
27 33 26 32 24 34 25 35
15 34 15 32 16 32 16 34
27 32 26 32 26 31 27 31
31 24 31 22 30 22 30 24
38 29 31 22 25 28 32 35
22 20 22 19 18 19 18 20
23 19 22 19 22 17 23 17
21 18 22 19 13 28 12 27
36 19 36 18 38 18 38 19
19 15 14 15 14 24 19 24
11 18 14 15 15 16 12 19
35 17 36 18 35 19 34 18
35 16 35 17 33 17 33 16
35 18 35 17 36 17 36 18
18 36 18 37 16 37 16 36
32 17 34 19 35 18 33 16
28 35 29 34 30 35 29 36
20 35 18 37 15 34 17 32
28 24 28 23 27 23 27 24
29 22 28 23 30 25 31 24
23 24 23 27 24 27 24 24
22 38 22 37 24 37 24 38
35 28 37 26 38 27 36 29
34 29 34 28 35 28 35 29
12 28 12 27 13 27 13 28
28 27 26 25 25 26 27 28
24 20 24 19 23 19 23 20
