70
14 40 15 39 16 40 15 41
15 34 15 39 14 39 14 34
19 38 16 38 16 40 19 40
18 39 15 39 15 41 18 41
12 36 15 39 16 38 13 35
20 42 16 38 17 37 21 41
18 33 18 35 20 35 20 33
19 34 18 35 17 34 18 33
17 36 18 35 20 37 19 38
36 17 34 19 35 20 37 18
37 16 36 16 36 17 37 17
31 16 34 19 32 21 29 18
31 21 36 16 37 17 32 22
14 13 14 22 16 22 16 13
15 23 14 22 15 21 16 22
28 18 28 21 29 21 29 18
24 25 28 21 27 20 23 24
32 39 34 37 32 35 30 37
37 31 37 33 36 33 36 31
38 41 34 37 36 35 40 39
41 22 41 24 40 24 40 22
32 19 32 21 31 21 31 19
38 21 32 21 32 22 38 22
29 24 32 21 34 23 31 26
32 28 32 30 31 30 31 28
36 26 32 30 30 28 34 24
15 25 15 23 16 23 16 25
30 30 35 35 37 33 32 28
35 33 35 35 36 35 36 33
36 36 35 35 32 38 33 39
34 32 35 33 37 31 36 30
30 32 32 30 34 32 32 34
28 15 28 14 29 14 29 15
37 29 37 26 36 26 36 29
36 25 37 26 32 31 31 30
36 24 36 25 34 25 34 24
17 31 17 23 27 23 27 31
28 39 32 39 32 38 28 38
37 25 37 26 41 26 41 25
13 25 14 24 15 25 14 26
12 37 12 36 17 36 17 37
42 40 37 35 36 36 41 41
27 34 27 36 26 36 26 34
38 35 37 35 37 39 38 39
28 33 27 34 16 23 17 22
28 34 27 34 27 33 28 33
27 38 27 36 28 36 28 38
29 36 27 34 25 36 27 38
24 17 24 19 19 19 19 17
24 16 24 17 25 17 25 16
25 18 24 17 23 18 24 19
22 15 24 17 25 16 23 14
25 19 25 18 27 18 27 19
27 16 25 18 27 20 29 18
27 13 28 14 25 17 24 16
25 13 27 13 27 16 25 16
21 32 19 32 19 27 21 27
24 42 24 37 20 37 20 42
15 30 15 25 13 25 13 30
13 32 15 30 17 32 15 34
15 33 15 30 18 30 18 33
21 34 24 37 23 38 20 35
18 28 18 30 30 30 30 28
16 35 13 35 13 32 16 32
23 33 18 28 19 27 24 32
29 23 34 23 34 24 29 24
24 20 23 20 23 24 24 24
36 37 38 39 40 37 38 35
30 36 29 36 29 37 30 37
29 34 29 36 28 36 28 34
