67
21 25 16 20 17 19 22 24
14 20 16 20 16 21 14 21
11 16 11 23 18 23 18 16
25 32 22 35 21 34 24 31
25 29 25 32 26 32 26 29
27 34 25 32 29 28 31 30
13 25 11 23 14 20 16 22
34 20 33 20 33 15 34 15
20 20 27 13 34 20 27 27
20 19 20 20 17 20 17 19
36 17 33 20 32 19 35 16
21 20 20 20 20 25 21 25
24 20 33 20 33 31 24 31
27 26 33 20 35 22 29 28
27 32 27 34 28 34 28 32
16 31 16 22 15 22 15 31
16 32 16 31 17 31 17 32
15 32 16 31 17 32 16 33
19 18 19 11 17 11 17 18
15 33 15 32 16 32 16 33
32 30 33 31 29 35 28 34
32 34 32 30 31 30 31 34
13 30 13 28 14 28 14 30
17 24 13 28 11 26 15 22
22 32 25 29 28 32 25 35
18 24 18 23 22 23 22 24
17 35 22 35 22 32 17 32
16 18 16 19 17 19 17 18
29 30 22 23 20 25 27 32
33 12 35 14 34 15 32 13
21 17 16 22 18 24 23 19
31 15 33 15 33 12 31 12
21 11 26 11 26 17 21 17
17 29 20 26 26 32 23 35
15 13 18 16 16 18 13 15
25 7 33 15 29 19 21 11
20 14 20 19 23 19 23 14
25 28 25 29 17 29 17 28
27 25 18 16 20 14 29 23
23 22 29 22 29 19 23 19
24 15 20 19 19 18 23 14
13 14 12 15 16 19 17 18
12 14 13 14 13 15 12 15
13 31 14 30 12 28 11 29
13 32 15 32 15 31 13 31
29 10 24 15 26 17 31 12
14 13 13 14 11 12 12 11
15 14 15 13 20 13 20 14
9 23 11 25 16 20 14 18
9 25 11 25 11 23 9 23
31 28 31 30 29 30 29 28
31 7 31 12 25 12 25 7
39 27 32 34 22 24 29 17
39 26 27 26 27 27 39 27
27 11 31 15 35 11 31 7
32 11 32 13 27 13 27 11
32 17 29 17 29 19 32 19
18 27 17 27 17 24 18 24
36 13 32 13 32 17 36 17
19 25 20 25 20 26 19 26
23 30 25 28 26 29 24 31
13 26 13 25 11 25 11 26
18 34 16 32 15 33 17 35
20 34 18 34 18 27 20 27
31 18 25 12 26 11 32 17
28 21 29 22 32 19 31 18
28 17 28 21 26 21 26 17
