70
25 21 25 23 24 23 24 21
15 23 15 21 18 21 18 23
25 25 25 23 26 23 26 25
14 22 15 21 16 22 15 23
14 20 15 21 17 19 16 18
14 21 15 21 15 20 14 20
24 24 25 23 22 20 21 21
42 40 41 40 41 37 42 37
40 39 41 40 43 38 42 37
22 42 24 42 24 43 22 43
38 23 39 24 36 27 35 26
38 22 38 23 39 23 39 22
36 21 38 23 39 22 37 20
26 40 24 42 22 40 24 38
39 30 39 24 40 24 40 30
15 38 15 39 17 39 17 38
17 20 20 20 20 19 17 19
21 20 20 20 20 21 21 21
38 33 39 33 39 34 38 34
40 34 39 33 38 34 39 35
38 45 38 44 36 44 36 45
42 44 38 44 38 42 42 42
32 50 38 44 33 39 27 45
22 25 23 25 23 27 22 27
24 26 23 25 24 24 25 25
32 39 31 38 30 39 31 40
26 38 31 38 31 40 26 40
47 39 45 37 43 39 45 41
29 28 22 35 21 34 28 27
28 20 28 21 25 21 25 20
29 36 31 38 34 35 32 33
23 36 22 35 21 36 22 37
26 19 28 21 27 22 25 20
30 23 28 21 29 20 31 22
14 26 14 22 16 22 16 26
28 22 28 21 31 21 31 22
34 42 37 42 37 35 34 35
48 22 41 15 35 21 42 28
35 40 37 42 40 39 38 37
44 19 44 20 41 20 41 19
43 21 44 20 42 18 41 19
48 21 43 21 43 22 48 22
33 17 35 17 35 19 33 19
42 32 41 33 40 32 41 31
34 18 35 17 34 16 33 17
25 17 24 17 24 20 25 20
23 16 24 17 21 20 20 19
24 16 24 17 23 17 23 16
38 19 38 16 39 16 39 19
36 16 38 16 38 15 36 15
36 17 35 17 35 16 36 16
36 18 35 17 36 16 37 17
33 27 33 29 34 29 34 27
35 33 31 29 33 27 37 31
35 31 35 33 32 33 32 31
34 34 35 33 37 35 36 36
39 15 38 16 40 18 41 17
35 27 35 26 34 26 34 27
41 16 41 15 39 15 39 16
30 50 30 39 32 39 32 50
26 22 26 23 27 23 27 22
19 27 18 28 19 29 20 28
19 28 18 28 18 27 19 27
28 37 30 39 27 42 25 40
37 18 37 17 36 17 36 18
22 38 22 37 17 37 17 38
27 37 22 37 22 35 27 35
38 35 37 35 37 34 38 34
24 27 26 25 24 23 22 25
19 40 22 37 25 40 22 43
