70
24 23 25 23 25 25 24 25
13 23 15 21 14 20 12 22
16 18 16 20 19 20 19 18
27 21 25 23 29 27 31 25
16 30 16 20 14 20 14 30
18 22 16 20 15 21 17 23
13 17 16 20 20 16 17 13
20 17 21 16 19 14 18 15
21 17 21 16 20 16 20 17
14 33 13 33 13 32 14 32
28 29 25 32 23 30 26 27
14 34 13 33 14 32 15 33
25 33 25 32 26 32 26 33
24 32 25 32 25 30 24 30
18 24 18 26 15 26 15 24
20 28 18 26 14 30 16 32
27 14 27 13 29 13 29 14
26 14 27 13 31 17 30 18
30 29 31 29 31 27 30 27
12 27 12 25 11 25 11 27
13 25 12 25 12 23 13 23
6 19 12 25 18 19 12 13
20 19 19 18 18 19 19 20
30 14 30 18 29 18 29 14
31 19 30 18 29 19 30 20
24 20 24 17 26 17 26 20
30 19 30 18 31 18 31 19
25 13 26 14 22 18 21 17
12 18 13 17 12 16 11 17
13 18 13 17 12 17 12 18
25 18 24 17 25 16 26 17
33 30 32 30 32 25 33 25
31 31 32 30 31 29 30 30
18 17 18 19 20 19 20 17
14 31 15 32 14 33 13 32
18 16 18 17 13 17 13 16
16 33 15 32 16 31 17 32
13 31 14 31 14 30 13 30
23 23 25 25 27 23 25 21
30 31 31 31 31 32 30 32
23 26 23 27 26 27 26 26
12 29 11 30 12 31 13 30
13 28 12 27 11 28 12 29
12 30 11 30 11 29 12 29
18 29 16 31 13 28 15 26
24 28 23 27 25 25 26 26
28 21 28 23 27 23 27 21
28 20 28 21 29 21 29 20
26 23 28 21 27 20 25 22
29 22 28 21 29 20 30 21
30 25 28 23 23 28 25 30
33 23 32 23 32 24 33 24
16 12 16 15 18 15 18 12
31 24 32 23 33 24 32 25
31 23 28 23 28 24 31 24
33 22 32 23 30 21 31 20
33 18 33 22 32 22 32 18
17 11 18 12 17 13 16 12
31 33 32 32 31 31 30 32
12 15 13 15 13 16 12 16
32 33 32 32 31 32 31 33
23 18 25 18 25 16 23 16
13 29 13 28 12 28 12 29
10 12 13 15 14 14 11 11
18 28 13 28 13 27 18 27
17 29 18 28 20 30 19 31
26 30 24 28 22 30 24 32
28 28 26 30 28 32 30 30
29 30 29 27 26 27 26 30
29 25 29 27 30 27 30 25
