50
21 39 40 20 36 16 17 35
40 19 40 20 37 20 37 19
25 26 29 26 29 15 25 15
44 20 40 20 40 24 44 24
42 18 40 20 42 22 44 20
28 25 29 26 27 28 26 27
33 30 29 26 32 23 36 27
26 28 26 27 27 27 27 28
36 36 40 32 32 24 28 28
15 33 15 36 36 36 36 33
36 19 36 16 37 16 37 19
7 28 15 36 25 26 17 18
31 45 35 45 35 15 31 15
38 38 38 41 18 41 18 38
36 14 37 15 36 16 35 15
17 29 20 29 20 18 17 18
22 34 25 34 25 43 22 43
26 35 25 34 18 41 19 42
32 22 32 23 42 23 42 22
16 38 16 31 18 31 18 38
17 39 16 38 17 37 18 38
21 37 21 39 17 39 17 37
21 34 21 32 22 32 22 34
23 32 20 29 18 31 21 34
29 30 25 34 23 32 27 28
42 26 44 24 42 22 40 24
32 26 32 30 29 30 29 26
23 31 22 32 35 45 36 44
42 44 42 36 36 36 36 44
44 38 42 36 39 39 41 41
37 24 37 26 32 26 32 24
40 31 23 31 23 32 40 32
24 24 24 23 32 23 32 24
41 30 40 31 36 27 37 26
20 44 17 41 21 37 24 40
43 41 43 30 41 30 41 41
33 44 33 30 32 30 32 44
30 42 36 36 38 38 32 44
23 40 26 43 36 33 33 30
28 39 27 39 27 28 28 28
36 30 27 39 23 35 32 26
41 27 36 27 36 30 41 30
41 46 21 26 24 23 44 43
27 19 36 19 36 27 27 27
41 42 41 41 38 41 38 42
52 31 41 42 29 30 40 19
26 40 45 40 45 35 26 35
29 43 30 42 27 39 26 40
23 25 26 28 27 27 24 24
18 25 23 25 23 31 18 31
