70
27 25 25 23 26 22 28 24
25 13 25 23 24 23 24 13
20 16 21 16 21 19 20 19
28 23 25 23 25 24 28 24
19 18 21 16 22 17 20 19
16 20 20 20 20 19 16 19
15 21 16 20 15 19 14 20
14 21 15 21 15 20 14 20
16 21 15 21 15 22 16 22
14 22 15 21 16 22 15 23
19 17 22 17 22 18 19 18
18 18 20 20 21 19 19 17
22 16 22 17 23 17 23 16
27 22 22 17 23 16 28 21
18 13 14 13 14 9 18 9
14 23 14 22 15 22 15 23
13 23 14 22 10 18 9 19
19 21 19 18 18 18 18 21
13 26 9 26 9 23 13 23
13 22 9 26 10 27 14 23
22 10 21 9 20 10 21 11
21 10 21 9 22 9 22 10
26 25 25 25 25 29 26 29
24 26 25 25 20 20 19 21
13 28 13 26 14 26 14 28
12 16 12 18 11 18 11 16
24 10 22 10 22 13 24 13
30 25 28 23 26 25 28 27
16 15 14 15 14 14 16 14
13 15 14 15 14 20 13 20
16 11 14 13 16 15 18 13
23 11 22 10 23 9 24 10
12 15 11 16 9 14 10 13
19 15 16 15 16 17 19 17
16 26 16 24 14 24 14 26
15 25 14 24 15 23 16 24
19 24 20 24 20 21 19 21
15 16 16 15 17 16 16 17
15 18 15 16 17 16 17 18
12 19 12 18 15 18 15 19
16 23 18 21 22 25 20 27
17 10 17 16 20 16 20 10
15 27 14 26 15 25 16 26
30 20 29 20 29 25 30 25
19 25 20 24 21 25 20 26
16 27 16 26 20 26 20 27
18 14 22 14 22 13 18 13
23 15 22 14 21 15 22 16
25 9 28 9 28 13 25 13
23 20 23 22 26 22 26 20
27 18 28 18 28 17 27 17
30 19 29 20 27 18 28 17
29 11 26 11 26 12 29 12
30 16 28 18 27 17 29 15
22 23 23 22 21 20 20 21
12 30 14 28 11 25 9 27
27 10 26 11 28 13 29 12
27 21 26 20 28 18 29 19
28 22 28 21 27 21 27 22
17 7 20 10 16 14 13 11
15 7 17 7 17 10 15 10
22 15 22 16 21 16 21 15
24 25 24 23 22 23 22 25
23 14 22 14 22 15 23 15
23 24 24 23 25 24 24 25
23 26 20 26 20 24 23 24
24 28 24 26 23 26 23 28
12 11 12 15 13 15 13 11
22 27 22 25 21 25 21 27
28 26 25 29 24 28 27 25
