70
35 40 35 33 37 33 37 40
35 31 35 33 29 33 29 31
11 34 15 30 18 33 14 37
36 32 35 33 36 34 37 33
15 26 15 30 16 30 16 26
13 39 15 39 15 38 13 38
24 30 15 39 17 41 26 32
34 15 34 19 31 19 31 15
34 29 34 28 32 28 32 29
36 28 34 28 34 27 36 27
35 26 36 25 37 26 36 27
35 29 34 28 29 33 30 34
37 25 36 25 36 26 37 26
43 18 36 25 31 20 38 13
23 26 23 25 24 25 24 26
21 25 23 25 23 24 21 24
19 29 23 25 24 26 20 30
18 20 17 21 15 19 16 18
22 39 22 35 27 35 27 39
20 33 22 35 17 40 15 38
31 37 34 37 34 38 31 38
31 40 34 37 32 35 29 38
13 15 13 17 21 17 21 15
12 16 13 17 14 16 13 15
24 18 24 17 21 17 21 18
25 18 24 17 25 16 26 17
25 26 24 26 24 27 25 27
26 26 25 25 24 26 25 27
27 24 26 23 24 25 25 26
26 28 26 32 14 32 14 28
26 18 26 23 28 23 28 18
28 30 26 32 27 33 29 31
29 29 28 30 26 28 27 27
39 19 39 17 37 17 37 19
35 15 37 17 39 15 37 13
29 30 28 30 28 31 29 31
19 30 20 31 24 27 23 26
19 31 20 31 20 30 19 30
28 27 28 23 29 23 29 27
27 30 28 30 28 27 27 27
23 36 22 35 27 30 28 31
31 26 28 23 30 21 33 24
17 39 21 39 21 40 17 40
36 35 41 35 41 36 36 36
29 40 31 40 31 38 29 38
27 34 31 38 29 40 25 36
29 34 27 34 27 33 29 33
19 37 21 39 19 41 17 39
42 34 41 35 36 30 37 29
27 20 25 18 23 20 25 22
16 22 16 24 17 24 17 22
20 26 16 22 17 21 21 25
38 18 39 19 38 20 37 19
23 29 25 27 26 28 24 30
40 18 38 18 38 20 40 20
14 26 16 24 19 27 17 29
18 27 18 21 19 21 19 27
23 38 25 36 20 31 18 33
24 36 23 36 23 38 24 38
29 15 31 15 31 14 29 14
25 30 25 36 24 36 24 30
23 22 23 20 25 20 25 22
22 20 23 20 23 14 22 14
33 17 31 15 30 16 32 18
37 16 37 17 33 17 33 16
25 13 30 13 30 16 25 16
22 30 23 29 20 26 19 27
25 19 26 18 25 17 24 18
27 19 26 18 27 17 28 18
36 21 33 24 34 25 37 22
