70
24 32 18 26 19 25 25 31
16 28 18 26 16 24 14 26
19 19 20 20 22 18 21 17
19 20 20 20 20 19 19 19
14 18 14 22 16 22 16 18
11 22 14 22 14 26 11 26
14 28 14 31 12 31 12 28
15 31 14 31 14 32 15 32
8 25 14 31 17 28 11 22
32 11 32 12 31 12 31 11
18 35 15 32 19 28 22 31
14 15 15 14 20 19 19 20
32 32 32 30 30 30 30 32
10 18 12 18 12 15 10 15
9 15 12 18 13 17 10 14
13 14 14 15 13 16 12 15
15 13 15 14 13 14 13 13
20 23 20 31 22 31 22 23
25 16 25 18 22 18 22 16
34 16 32 14 30 16 32 18
26 17 25 18 27 20 28 19
22 15 25 18 23 20 20 17
34 30 32 32 30 30 32 28
34 29 34 30 32 30 32 29
21 24 16 24 16 22 21 22
19 21 16 24 14 22 17 19
24 27 20 31 17 28 21 24
16 26 14 26 14 28 16 28
16 32 18 30 17 29 15 31
21 20 23 20 23 21 21 21
23 25 23 27 24 27 24 25
21 25 23 25 23 24 21 24
26 24 23 27 21 25 24 22
37 25 32 30 26 24 31 19
25 30 18 30 18 26 25 26
26 18 25 18 25 24 26 24
13 25 13 21 19 21 19 25
9 21 12 18 16 22 13 25
9 17 13 17 13 21 9 21
24 21 23 20 21 22 22 23
24 12 25 11 30 16 29 17
24 11 25 11 25 12 24 12
27 19 26 18 23 21 24 22
10 32 10 31 12 31 12 32
23 19 23 20 27 20 27 19
8 27 8 25 13 25 13 27
24 34 16 26 21 21 29 29
25 34 25 32 24 32 24 34
23 32 25 34 27 32 25 30
20 16 20 17 13 17 13 16
29 28 29 29 32 29 32 28
34 19 34 16 31 16 31 19
13 29 14 28 13 27 12 28
28 29 29 29 29 31 28 31
27 26 34 19 32 17 25 24
17 26 12 31 10 29 15 24
29 18 32 18 32 17 29 17
21 5 16 10 22 16 27 11
3 22 10 15 15 20 8 27
12 11 12 15 14 15 14 11
24 15 20 19 21 20 25 16
28 17 28 11 27 11 27 17
30 11 28 11 28 10 30 10
31 10 30 11 31 12 32 11
22 12 24 12 24 15 22 15
27 10 28 11 26 13 25 12
25 10 25 11 27 11 27 10
15 5 15 13 21 13 21 5
26 27 27 26 29 28 28 29
14 6 15 5 22 12 21 13
