70
14 22 16 20 12 16 10 18
15 20 16 20 16 17 15 17
18 33 15 30 16 29 19 32
15 29 15 30 16 30 16 29
17 29 16 29 16 25 17 25
18 27 18 26 19 26 19 27
14 27 16 29 18 27 16 25
19 25 18 26 19 27 20 26
22 27 22 26 20 26 20 27
25 26 22 26 22 24 25 24
14 20 14 22 15 22 15 20
25 23 22 26 27 31 30 28
22 23 25 23 25 21 22 21
26 22 25 23 24 22 25 21
16 24 14 22 13 23 15 25
11 22 11 23 12 23 12 22
27 23 26 23 26 22 27 22
16 21 16 22 18 22 18 21
18 29 18 28 23 28 23 29
18 20 16 22 19 25 21 23
22 20 22 19 23 19 23 20
21 20 22 19 23 20 22 21
27 14 28 14 28 15 27 15
29 15 28 14 27 15 28 16
17 11 17 14 18 14 18 11
30 16 32 14 31 13 29 15
32 13 32 14 31 14 31 13
19 22 18 21 19 20 20 21
15 24 15 25 16 25 16 24
13 16 18 21 15 24 10 19
19 30 19 32 16 32 16 30
20 14 20 15 25 15 25 14
18 17 20 15 19 14 17 16
19 17 18 17 18 20 19 20
21 16 20 15 24 11 25 12
20 19 18 17 17 18 19 20
21 21 22 21 22 20 21 20
22 18 22 19 20 19 20 18
17 15 20 15 20 16 17 16
15 14 17 14 17 15 15 15
14 15 15 14 17 16 16 17
14 16 14 15 13 15 13 16
23 22 22 21 21 22 22 23
21 30 21 32 20 32 20 30
11 12 14 15 13 16 10 13
21 34 19 32 21 30 23 32
24 20 23 20 23 22 24 22
24 29 23 29 23 32 24 32
25 27 23 29 20 26 22 24
25 31 23 29 22 30 24 32
30 11 30 13 31 13 31 11
28 9 30 11 27 14 25 12
32 24 32 25 30 25 30 24
29 16 28 16 28 15 29 15
12 28 12 29 11 29 11 28
14 19 16 17 17 18 15 20
29 19 29 20 28 20 28 19
30 19 29 20 28 19 29 18
30 20 29 20 29 21 30 21
30 27 31 26 30 25 29 26
32 18 31 17 29 19 30 20
20 25 20 26 19 26 19 25
8 18 12 22 14 20 10 16
8 16 8 18 10 18 10 16
30 26 31 26 31 27 30 27
25 18 28 18 28 16 25 16
24 18 24 19 25 19 25 18
29 9 28 9 28 14 29 14
28 8 25 11 26 12 29 9
25 20 24 19 25 18 26 19
