70
24 31 24 33 27 33 27 31
41 39 42 39 42 36 41 36
21 18 21 16 18 16 18 18
46 35 42 39 35 32 39 28
27 29 26 30 27 31 28 30
20 17 21 16 22 17 21 18
34 33 35 33 35 32 34 32
32 36 35 33 34 32 31 35
36 34 35 33 36 32 37 33
18 25 18 26 19 26 19 25
23 42 24 42 24 41 23 41
17 26 18 26 18 27 17 27
16 24 18 26 17 27 15 25
26 44 24 42 26 40 28 42
24 44 24 42 26 42 26 44
16 37 16 38 17 38 17 37
15 39 16 38 15 37 14 38
20 42 16 38 17 37 21 41
39 32 39 33 40 33 40 32
22 18 22 17 23 17 23 18
38 32 39 33 40 32 39 31
14 23 14 22 16 22 16 23
29 40 29 41 26 41 26 40
30 40 29 41 30 42 31 41
22 34 22 35 23 35 23 34
25 38 22 35 21 36 24 39
21 35 22 35 22 36 21 36
28 29 28 30 27 30 27 29
27 22 28 21 31 24 30 25
21 32 23 34 24 33 22 31
28 17 28 21 27 21 27 17
41 16 41 15 40 15 40 16
15 41 14 40 15 39 16 40
14 42 14 40 16 40 16 42
33 19 33 20 36 20 36 19
20 39 15 39 15 41 20 41
35 16 35 17 28 17 28 16
33 22 33 20 32 20 32 22
34 21 33 20 35 18 36 19
34 18 35 17 37 19 36 20
42 34 41 33 39 35 40 36
38 19 38 16 39 16 39 19
33 26 35 26 35 25 33 25
29 39 30 39 30 37 29 37
37 17 38 16 36 14 35 15
36 27 35 26 39 22 40 23
28 37 30 39 34 35 32 33
15 16 18 19 20 17 17 14
17 21 16 22 19 25 20 24
17 20 17 21 18 21 18 20
19 20 18 19 17 20 18 21
16 20 17 21 18 20 17 19
15 33 15 32 21 32 21 33
16 19 16 20 17 20 17 19
19 19 18 19 18 20 19 20
16 29 16 31 17 31 17 29
14 29 16 29 16 27 14 27
13 30 15 32 16 31 14 29
13 32 16 29 18 31 15 34
42 23 39 26 35 22 38 19
38 26 39 26 39 22 38 22
18 42 16 40 19 37 21 39
18 35 18 37 17 37 17 35
19 34 18 35 20 37 21 36
19 35 18 35 18 34 19 34
35 21 34 21 34 18 35 18
22 27 22 28 21 28 21 27
25 25 22 28 21 27 24 24
25 22 25 25 27 25 27 22
25 27 25 25 22 25 22 27
