43
21 12 21 10 20 10 20 12
13 23 16 20 11 15 8 18
21 20 21 19 17 19 17 20
17 6 21 10 16 15 12 11
25 15 21 19 18 16 22 12
21 6 17 6 17 8 21 8
20 15 17 15 17 12 20 12
10 22 17 15 18 16 11 23
15 13 17 15 18 14 16 12
8 15 8 12 7 12 7 15
12 10 10 12 8 10 10 8
19 10 12 10 12 11 19 11
19 14 17 12 19 10 21 12
8 22 8 18 10 18 10 22
10 10 10 12 8 12 8 10
12 8 12 10 10 10 10 8
11 19 10 18 7 21 8 22
14 8 13 8 13 15 14 15
14 19 16 19 16 15 14 15
13 22 13 23 17 23 17 22
11 22 11 20 13 20 13 22
6 17 8 15 13 20 11 22
10 23 11 23 11 22 10 22
15 20 16 19 17 20 16 21
28 13 22 19 15 12 21 6
16 9 15 9 15 12 16 12
15 16 16 15 21 20 20 21
22 14 20 12 18 14 20 16
21 14 22 14 22 12 21 12
15 18 16 19 20 15 19 14
13 18 15 16 14 15 12 17
18 18 15 18 15 16 18 16
11 13 15 13 15 12 11 12
17 21 16 21 16 20 17 20
12 7 12 8 13 8 13 7
18 22 18 21 17 21 17 22
14 21 15 20 14 19 13 20
18 24 17 23 18 22 19 23
9 13 10 12 11 13 10 14
6 11 6 17 12 17 12 11
11 6 6 11 7 12 12 7
22 24 23 23 18 18 17 19
9 15 9 13 11 13 11 15
