70
33 35 33 36 31 36 31 35
32 40 32 37 30 37 30 40
18 24 18 26 17 26 17 24
23 30 26 30 26 28 23 28
17 27 18 26 20 28 19 29
17 34 18 35 17 36 16 35
17 35 18 35 18 34 17 34
22 13 22 17 24 17 24 13
21 16 22 17 21 18 20 17
31 30 31 29 33 29 33 30
35 28 34 28 34 31 35 31
30 28 31 29 27 33 26 32
30 29 31 29 31 28 30 28
34 25 34 28 32 28 32 25
39 23 34 28 33 27 38 22
36 30 34 28 33 29 35 31
36 18 36 25 34 25 34 18
38 23 36 25 33 22 35 20
26 38 31 38 31 36 26 36
38 26 38 23 33 23 33 26
34 33 34 37 32 37 32 33
38 37 34 37 34 41 38 41
19 17 19 18 17 18 17 17
16 21 19 18 20 19 17 22
41 23 41 15 39 15 39 23
25 17 24 17 24 18 25 18
49 23 41 15 33 23 41 31
16 23 13 26 14 27 17 24
21 14 24 17 20 21 17 18
30 16 21 16 21 14 30 14
49 31 49 23 41 23 41 31
40 18 40 13 36 13 36 18
37 42 33 38 34 37 38 41
41 42 37 42 37 39 41 39
31 32 26 32 26 30 31 30
39 12 40 13 38 15 37 14
40 32 40 34 41 34 41 32
33 50 41 42 32 33 24 41
31 50 31 38 33 38 33 50
24 32 26 32 26 36 24 36
23 27 26 30 24 32 21 29
20 27 23 27 23 28 20 28
24 21 24 19 20 19 20 21
17 16 15 16 15 17 17 17
38 34 40 34 40 35 38 35
17 32 13 28 14 27 18 31
15 21 15 25 13 25 13 21
14 24 15 25 14 26 13 25
14 22 14 24 17 24 17 22
14 20 15 21 14 22 13 21
36 29 35 28 33 30 34 31
36 27 35 28 33 26 34 25
20 29 20 33 21 33 21 29
22 31 20 29 18 31 20 33
22 26 18 26 18 31 22 31
27 22 20 29 17 26 24 19
25 23 22 26 23 27 26 24
32 12 34 14 32 16 30 14
34 16 34 14 37 14 37 16
17 21 20 24 22 22 19 19
19 21 17 21 17 22 19 22
23 36 20 33 18 35 21 38
23 41 23 36 24 36 24 41
37 17 36 18 34 16 35 15
18 15 17 16 19 18 20 17
18 16 17 16 17 15 18 15
15 27 14 26 13 27 14 28
28 21 32 25 31 26 27 22
33 10 25 18 28 21 36 13
28 22 28 21 27 21 27 22
