70
42 23 38 23 38 29 42 29
37 24 38 23 43 28 42 29
25 30 26 30 26 40 25 40
33 30 26 30 26 29 33 29
24 32 26 30 24 28 22 30
28 32 26 30 30 26 32 28
22 24 22 26 26 26 26 24
20 26 22 26 22 30 20 30
26 22 22 26 18 22 22 18
34 34 34 37 33 37 33 34
32 20 30 18 26 22 28 24
33 38 34 37 26 29 25 30
30 19 30 18 24 18 24 19
23 45 22 44 26 40 27 41
32 16 38 16 38 20 32 20
37 17 38 16 42 20 41 21
37 25 33 29 32 28 36 24
41 24 37 24 37 25 41 25
33 40 32 39 33 38 34 39
35 18 41 24 42 23 36 17
10 28 16 22 20 26 14 32
16 39 19 39 19 42 16 42
18 38 19 39 16 42 15 41
23 27 25 25 26 26 24 28
19 29 22 26 23 27 20 30
29 38 33 38 33 40 29 40
19 37 18 37 18 29 19 29
37 27 37 26 30 26 30 27
43 35 39 35 39 36 43 36
44 30 39 35 38 34 43 29
20 39 18 37 16 39 18 41
37 14 37 17 36 17 36 14
35 24 37 26 33 30 31 28
43 18 43 14 41 14 41 18
20 23 24 19 30 25 26 29
23 22 23 27 18 27 18 22
29 16 26 16 26 17 29 17
40 17 43 14 44 15 41 18
37 22 37 17 40 17 40 22
42 19 38 23 37 22 41 18
32 22 26 16 24 18 30 24
28 37 27 36 24 39 25 40
42 33 42 34 38 34 38 33
44 41 44 40 37 40 37 41
27 37 27 36 28 36 28 37
39 37 42 34 43 35 40 38
38 46 44 40 39 35 33 41
39 46 38 46 38 37 39 37
16 44 16 42 15 42 15 44
36 40 39 37 36 34 33 37
31 17 32 16 34 18 33 19
32 15 32 16 29 16 29 15
48 37 44 33 40 37 44 41
40 28 43 25 40 22 37 25
48 40 44 40 44 37 48 37
50 27 44 33 37 26 43 20
50 15 50 27 44 27 44 15
26 28 24 30 20 26 22 24
24 29 24 28 26 28 26 29
41 45 44 42 40 38 37 41
23 30 24 30 24 32 23 32
16 29 21 34 23 32 18 27
23 17 23 22 26 22 26 17
16 27 16 29 18 29 18 27
43 27 43 28 44 28 44 27
35 21 41 21 41 18 35 18
36 37 36 34 38 34 38 37
26 27 30 27 30 28 26 28
18 19 16 19 16 18 18 18
16 21 18 19 19 20 17 22
