55
14 20 16 20 16 22 14 22
24 32 24 30 21 30 21 32
15 25 15 30 21 30 21 25
18 18 16 20 14 18 16 16
26 25 26 24 22 24 22 25
18 19 18 20 16 20 16 19
18 28 18 20 24 20 24 28
16 18 18 20 16 22 14 20
23 14 29 20 30 19 24 13
31 13 31 17 25 17 25 13
12 19 14 19 14 18 12 18
11 13 14 13 14 17 11 17
16 24 14 22 13 23 15 25
30 29 33 29 33 19 30 19
32 22 16 22 16 23 32 23
23 29 16 22 12 26 19 33
23 33 18 28 19 27 24 32
23 19 22 19 22 18 23 18
27 28 24 28 24 30 27 30
19 16 22 19 23 18 20 15
25 27 24 28 21 25 22 24
25 29 24 28 23 29 24 30
22 29 26 25 20 19 16 23
13 24 16 24 16 23 13 23
26 27 18 19 13 24 21 32
17 14 14 17 16 19 19 16
16 17 14 17 14 18 16 18
29 15 31 17 27 21 25 19
32 16 33 15 31 13 30 14
34 18 32 16 31 17 33 19
32 15 32 16 29 16 29 15
19 17 16 17 16 16 19 16
25 33 25 29 23 29 23 33
28 14 28 18 23 18 23 14
20 18 20 19 18 19 18 18
28 12 28 14 30 14 30 12
21 15 22 16 20 18 19 17
21 12 16 17 18 19 23 14
20 12 20 15 21 15 21 12
23 9 28 14 25 17 20 12
17 9 17 14 23 14 23 9
31 27 31 28 28 28 28 27
29 26 31 28 30 29 28 27
35 21 33 19 26 26 28 28
27 35 33 29 31 27 25 33
29 25 26 25 26 26 29 26
25 21 28 18 32 22 29 25
19 21 19 27 25 27 25 21
33 35 27 35 27 30 33 30
28 31 28 29 26 29 26 31
21 19 20 18 18 20 19 21
21 24 20 24 20 19 21 19
11 29 14 29 14 22 11 22
14 32 18 28 15 25 11 29
16 31 15 30 21 24 22 25
