70
24 31 24 33 25 33 25 31
43 41 43 37 42 37 42 41
21 17 21 16 15 16 15 17
19 38 24 33 20 29 15 34
15 35 18 35 18 34 15 34
21 20 20 20 20 19 21 19
16 29 20 29 20 32 16 32
33 25 33 27 25 27 25 25
30 30 33 27 37 31 34 34
34 38 31 38 31 36 34 36
44 33 41 33 41 27 44 27
28 41 31 38 32 39 29 42
42 32 41 33 43 35 44 34
39 31 41 33 40 34 38 32
42 26 42 32 38 32 38 26
24 20 24 26 21 26 21 20
23 27 24 26 25 27 24 28
20 27 20 29 23 29 23 27
32 41 32 39 28 39 28 41
17 25 15 23 21 17 23 19
25 39 19 39 19 38 25 38
26 24 25 25 20 20 21 19
40 36 40 34 34 34 34 36
26 34 20 40 19 39 25 33
26 40 20 40 20 34 26 34
37 20 42 25 31 36 26 31
42 22 42 25 33 25 33 22
26 41 19 34 18 35 25 42
28 30 25 27 30 22 33 25
26 30 24 28 23 29 25 31
28 31 28 30 26 30 26 31
28 22 28 30 30 30 30 22
23 31 23 29 24 29 24 31
22 28 23 29 20 32 19 31
44 41 44 42 43 42 43 41
17 23 22 28 23 27 18 22
43 43 44 42 43 41 42 42
15 25 15 23 17 23 17 25
25 14 33 22 29 26 21 18
27 38 29 38 29 42 27 42
27 33 27 38 25 38 25 33
28 37 29 38 28 39 27 38
22 44 21 43 25 39 26 40
43 23 42 22 38 26 39 27
32 19 32 18 23 18 23 19
32 22 33 22 33 19 32 19
29 21 32 18 33 19 30 22
34 18 33 19 41 27 42 26
34 39 32 41 29 38 31 36
40 39 21 20 23 18 42 37
7 25 14 32 22 24 15 17
7 34 15 34 15 25 7 25
31 22 30 22 30 16 31 16
28 36 26 34 27 33 29 35
6 33 20 19 21 20 7 34
14 28 17 25 23 31 20 34
14 24 14 28 22 28 22 24
41 42 42 42 42 41 41 41
39 40 41 42 42 41 40 39
37 27 39 27 39 31 37 31
42 43 42 42 43 42 43 43
46 25 44 23 42 25 44 27
45 22 44 23 37 16 38 15
46 26 42 26 42 25 46 25
37 38 37 39 34 39 34 38
36 40 37 39 35 37 34 38
38 23 38 15 36 15 36 23
37 10 31 16 38 23 44 17
31 10 31 16 37 16 37 10
23 17 21 17 21 18 23 18
