49
23 23 25 23 25 27 23 27
26 23 25 23 25 18 26 18
28 23 29 23 29 27 28 27
27 25 25 23 27 21 29 23
22 9 22 11 17 11 17 9
26 11 22 11 22 13 26 13
9 10 12 10 12 9 9 9
22 16 23 16 23 19 22 19
19 15 19 18 20 18 20 15
18 19 19 18 17 16 16 17
30 19 26 23 24 21 28 17
11 26 11 23 10 23 10 26
10 22 11 23 12 22 11 21
21 19 18 19 18 22 21 22
23 28 23 27 20 27 20 28
19 31 23 27 20 24 16 28
7 12 9 10 16 17 14 19
11 20 10 20 10 19 11 19
7 25 7 12 13 12 13 25
26 17 25 18 23 16 24 15
20 12 20 15 24 15 24 12
15 20 20 15 28 23 23 28
30 28 29 27 28 28 29 29
9 16 17 16 17 11 9 11
29 9 26 9 26 11 29 11
9 22 10 22 10 20 9 20
15 10 13 12 17 16 19 14
27 19 28 18 27 17 26 18
19 21 24 21 24 29 19 29
11 22 12 22 12 21 11 21
12 18 19 18 19 21 12 21
24 20 24 21 27 21 27 20
16 26 12 22 19 15 23 19
23 8 26 11 25 12 22 9
18 10 17 11 19 13 20 12
25 17 26 18 24 20 23 19
21 8 22 9 11 20 10 19
11 28 16 28 16 26 11 26
4 21 9 16 16 23 11 28
27 14 26 13 25 14 26 15
27 15 27 17 26 17 26 15
22 14 25 17 27 15 24 12
23 22 21 22 21 23 23 23
27 12 25 12 25 14 27 14
14 31 19 31 19 29 14 29
19 36 14 31 23 22 28 27
34 14 27 21 22 16 29 9
34 15 34 14 27 14 27 15
30 20 30 19 27 19 27 20
