70
27 21 26 21 26 22 27 22
21 21 26 21 26 20 21 20
24 33 25 32 27 34 26 35
25 33 24 33 24 32 25 32
25 30 25 32 30 32 30 30
22 15 22 17 20 17 20 15
30 17 22 17 22 18 30 18
24 15 22 17 20 15 22 13
21 18 22 17 26 21 25 22
31 18 30 18 30 20 31 20
36 25 32 21 28 25 32 29
36 14 36 25 34 25 34 14
25 13 30 18 29 19 24 14
32 19 32 21 29 21 29 19
33 20 32 21 31 20 32 19
16 26 16 22 15 22 15 26
16 20 16 22 18 22 18 20
12 24 16 20 18 22 14 26
17 31 16 31 16 33 17 33
9 15 16 22 18 20 11 13
16 14 16 15 20 15 20 14
7 24 16 15 20 19 11 28
18 26 18 30 20 30 20 26
17 27 18 26 21 29 20 30
13 27 14 26 18 30 17 31
33 10 35 12 33 14 31 12
34 10 34 14 33 14 33 10
22 25 21 25 21 29 22 29
28 36 30 34 27 31 25 33
13 29 16 26 17 27 14 30
10 25 16 31 22 25 16 19
35 18 35 12 31 12 31 18
16 17 20 17 20 19 16 19
11 21 16 26 21 21 16 16
34 36 34 25 28 25 28 36
13 13 13 21 11 21 11 13
31 26 31 35 26 35 26 26
33 26 33 20 31 20 31 26
15 18 16 17 17 18 16 19
18 25 21 25 21 22 18 22
29 28 31 26 32 27 30 29
27 27 27 31 17 31 17 27
32 24 32 27 27 27 27 24
25 26 25 22 26 22 26 26
24 13 24 14 22 14 22 13
25 11 25 13 24 13 24 11
24 22 26 20 20 14 18 16
30 28 27 31 21 25 24 22
23 19 20 19 20 26 23 26
22 22 22 25 24 25 24 22
28 9 31 12 27 16 24 13
9 24 12 24 12 15 9 15
16 11 16 14 14 14 14 11
15 13 14 14 15 15 16 14
6 21 12 15 15 18 9 24
23 30 23 26 25 26 25 30
33 15 33 14 24 14 24 15
28 20 29 19 30 20 29 21
26 9 28 9 28 20 26 20
30 22 30 20 28 20 28 22
27 19 26 20 27 21 28 20
35 21 33 19 30 22 32 24
30 16 27 19 22 14 25 11
16 27 18 25 17 24 15 26
32 28 32 29 30 29 30 28
27 23 26 22 27 21 28 22
16 9 14 11 20 17 22 15
24 9 16 9 16 11 24 11
28 23 28 22 27 22 27 23
6 28 6 21 11 21 11 28
