70
15 29 15 30 16 30 16 29
13 31 13 33 12 33 12 31
17 28 16 29 19 32 20 31
15 35 13 33 16 30 18 32
14 29 15 30 16 29 15 28
19 20 20 20 20 18 19 18
21 21 20 20 16 24 17 25
25 17 22 17 22 16 25 16
27 12 22 17 28 23 33 18
25 15 27 13 26 12 24 14
10 23 12 25 15 22 13 20
12 23 12 25 13 25 13 23
11 26 12 25 13 26 12 27
23 26 23 25 24 25 24 26
22 26 23 25 24 26 23 27
22 27 22 26 19 26 19 27
16 22 17 21 15 19 14 20
17 22 17 21 16 21 16 22
18 17 19 18 18 19 17 18
18 16 18 17 17 17 17 16
19 17 18 17 18 18 19 18
21 14 18 17 17 16 20 13
14 33 14 31 16 31 16 33
15 32 14 31 15 30 16 31
11 17 13 17 13 20 11 20
9 13 13 17 15 15 11 11
10 20 13 17 14 18 11 21
17 26 13 26 13 25 17 25
32 29 32 30 33 30 33 29
35 27 33 29 28 24 30 22
9 14 15 14 15 13 9 13
25 26 24 26 24 30 25 30
14 27 13 26 16 23 17 24
26 24 26 23 28 23 28 24
18 21 18 19 21 19 21 21
25 24 26 23 28 25 27 26
17 20 18 19 19 20 18 21
25 22 26 23 29 20 28 19
17 19 18 19 18 18 17 18
25 32 26 32 26 31 25 31
24 31 25 32 26 31 25 30
29 29 26 32 27 33 30 30
23 20 22 19 25 16 26 17
9 20 14 15 17 18 12 23
20 24 20 20 23 20 23 24
13 15 14 15 14 12 13 12
31 17 28 14 25 17 28 20
20 30 20 31 16 31 16 30
10 29 12 27 14 29 12 31
28 27 23 27 23 28 28 28
31 13 32 14 31 15 30 14
15 34 14 33 15 32 16 33
21 32 19 32 19 33 21 33
33 26 33 22 32 22 32 26
33 15 33 13 31 13 31 15
34 14 33 13 32 14 33 15
28 17 33 22 31 24 26 19
23 19 23 20 26 20 26 19
29 24 31 24 31 21 29 21
30 33 31 33 31 30 30 30
22 21 23 20 25 22 24 23
32 34 31 33 32 32 33 33
22 22 22 21 25 21 25 22
26 34 26 32 32 32 32 34
22 31 21 32 20 31 21 30
10 15 13 12 12 11 9 14
14 22 13 21 12 22 13 23
22 30 24 30 24 31 22 31
31 19 31 17 28 17 28 19
10 18 13 21 14 20 11 17
