70
26 33 25 32 26 31 27 32
24 30 26 30 26 31 24 31
20 17 22 17 22 19 20 19
22 16 22 17 23 17 23 16
21 16 22 17 23 16 22 15
21 15 21 16 22 16 22 15
20 15 21 16 20 17 19 16
31 28 31 29 30 29 30 28
32 29 31 29 31 30 32 30
12 26 12 25 14 25 14 26
15 21 14 22 21 29 22 28
15 24 15 21 17 21 17 24
17 19 15 21 13 19 15 17
13 24 12 25 11 24 12 23
13 21 14 22 13 23 12 22
28 22 28 21 29 21 29 22
23 21 28 21 28 20 23 20
33 16 28 21 26 19 31 14
26 32 28 30 26 28 24 30
25 33 25 32 26 32 26 33
27 22 28 21 29 22 28 23
10 23 11 23 11 22 10 22
32 24 32 21 30 21 30 24
31 20 32 21 31 22 30 21
31 31 32 30 31 29 30 30
14 13 16 13 16 15 14 15
12 15 14 13 16 15 14 17
27 25 25 25 25 27 27 27
10 28 10 27 18 27 18 28
18 25 25 25 25 22 18 22
13 12 14 13 15 12 14 11
14 12 14 13 13 13 13 12
18 18 18 19 17 19 17 18
18 29 18 28 21 28 21 29
31 27 31 22 29 22 29 27
32 28 31 29 30 28 31 27
21 18 22 19 21 20 20 19
17 12 16 13 17 14 18 13
17 11 17 12 15 12 15 11
18 12 17 12 17 13 18 13
21 31 18 28 22 24 25 27
18 14 17 14 17 15 18 15
31 11 30 11 30 10 31 10
24 5 30 11 25 16 19 10
12 17 14 15 17 18 15 20
18 10 19 11 18 12 17 11
18 11 18 10 19 10 19 11
27 23 28 23 28 22 27 22
27 24 28 23 32 27 31 28
30 31 31 31 31 30 30 30
16 16 16 15 17 15 17 16
13 20 13 19 15 19 15 20
18 20 18 21 21 21 21 20
25 28 25 27 23 27 23 28
19 13 18 12 17 13 18 14
21 11 19 11 19 13 21 13
26 26 25 27 26 28 27 27
15 18 18 21 20 19 17 16
26 24 25 25 26 26 27 25
29 32 29 27 27 27 27 32
33 15 31 15 31 16 33 16
26 17 23 20 22 19 25 16
30 17 30 13 26 13 26 17
12 19 14 17 15 18 13 20
13 17 13 19 12 19 12 17
13 15 13 17 14 17 14 15
11 19 13 17 15 19 13 21
22 12 24 12 24 11 22 11
26 12 24 12 24 13 26 13
31 13 33 15 28 20 26 18
