59
25 27 25 29 27 29 27 27
16 30 13 30 13 25 16 25
15 17 15 24 17 24 17 17
23 31 25 29 12 16 10 18
15 27 15 24 14 24 14 27
16 23 15 24 16 25 17 24
18 19 18 23 16 23 16 19
25 31 25 32 29 32 29 31
30 31 29 32 22 25 23 24
23 28 23 25 22 25 22 28
28 23 28 21 30 21 30 23
26 22 23 25 22 24 25 21
24 26 23 25 21 27 22 28
27 22 28 21 29 22 28 23
31 21 32 21 32 23 31 23
16 12 18 10 19 11 17 13
25 25 24 26 25 27 26 26
25 24 25 25 23 25 23 24
26 11 18 19 20 21 28 13
34 16 25 25 22 22 31 13
34 21 32 21 32 16 34 16
20 29 20 31 23 31 23 29
18 31 20 29 16 25 14 27
19 31 22 28 23 29 20 32
12 22 14 24 19 19 17 17
13 15 13 10 18 10 18 15
30 25 28 23 23 28 25 30
26 12 24 12 24 11 26 11
24 10 22 12 24 14 26 12
19 10 24 10 24 11 19 11
14 9 13 10 18 15 19 14
22 14 22 12 24 12 24 14
30 27 29 27 29 31 30 31
31 29 29 27 27 29 29 31
21 9 24 12 22 14 19 11
32 13 32 16 31 16 31 13
27 26 27 22 26 22 26 26
22 23 18 23 18 24 22 24
20 25 18 23 20 21 22 23
17 28 20 31 23 28 20 25
12 21 12 22 20 22 20 21
28 19 23 24 22 23 27 18
10 12 16 12 16 14 10 14
14 28 16 30 17 29 15 27
14 29 14 28 17 28 17 29
29 18 29 22 27 22 27 18
13 9 16 12 13 15 10 12
19 32 19 31 20 31 20 32
31 25 31 23 30 23 30 25
30 15 31 16 29 18 28 17
23 17 31 25 29 27 21 19
23 19 23 17 28 17 28 19
19 15 19 19 18 19 18 15
30 11 28 13 30 15 32 13
20 9 19 10 27 18 28 17
20 19 20 9 21 9 21 19
22 17 27 22 25 24 20 19
18 28 18 24 17 24 17 28
13 19 15 17 20 22 18 24
