51
43 20 40 17 33 24 36 27
42 17 40 17 40 41 42 41
23 27 26 30 25 31 22 28
26 28 26 30 27 30 27 28
31 34 32 34 32 32 31 32
36 30 32 34 35 37 39 33
35 35 38 35 38 37 35 37
13 30 20 23 27 30 20 37
21 39 15 39 15 18 21 18
24 39 24 42 21 42 21 39
24 18 26 18 26 17 24 17
39 38 38 38 38 37 39 37
28 26 20 26 20 37 28 37
18 27 18 32 19 32 19 27
23 16 36 16 36 27 23 27
26 6 36 16 27 25 17 15
34 29 31 32 27 28 30 25
35 46 40 41 33 34 28 39
44 39 42 41 39 38 41 36
22 19 24 17 23 16 21 18
33 36 30 39 28 37 31 34
32 36 33 36 33 34 32 34
36 34 35 35 38 38 39 37
22 40 31 31 32 32 23 41
23 28 22 28 22 27 23 27
2 29 15 16 27 28 14 41
29 31 21 39 18 36 26 28
43 34 36 27 34 29 41 36
43 30 43 34 36 34 36 30
19 22 19 27 22 27 22 22
30 24 33 24 33 25 30 25
31 19 35 23 33 25 29 21
29 32 29 31 31 31 31 32
25 21 25 31 29 31 29 21
26 15 40 15 40 17 26 17
23 38 29 32 30 33 24 39
38 41 38 38 23 38 23 41
24 20 26 18 27 19 25 21
17 6 26 6 26 15 17 15
27 22 27 19 22 19 22 22
37 12 27 22 30 25 40 15
14 15 14 41 17 41 17 15
30 28 30 25 27 25 27 28
32 26 30 24 28 26 30 28
39 28 39 33 30 33 30 28
28 18 32 18 32 26 28 26
37 29 36 30 32 26 33 25
36 29 36 27 37 27 37 29
38 27 36 29 24 17 26 15
37 22 38 22 38 27 37 27
34 30 36 30 36 29 34 29
