70
31 37 32 37 32 40 31 40
33 37 32 37 32 36 33 36
31 34 33 36 32 37 30 35
14 20 16 20 16 22 14 22
37 24 39 24 39 23 37 23
43 28 39 24 35 28 39 32
14 38 16 38 16 40 14 40
17 37 16 38 19 41 20 40
16 37 16 38 17 38 17 37
17 34 18 35 16 37 15 36
34 25 34 28 31 28 31 25
17 35 18 35 18 34 17 34
19 21 20 20 18 18 17 19
20 21 20 20 19 20 19 21
34 31 34 28 35 28 35 31
33 29 34 28 36 30 35 31
43 38 39 42 37 40 41 36
25 41 29 41 29 42 25 42
30 19 30 18 29 18 29 19
30 16 30 18 31 18 31 16
34 14 30 18 31 19 35 15
35 24 37 24 37 27 35 27
48 22 41 15 34 22 41 29
18 29 17 30 18 31 19 30
12 38 14 40 16 38 14 36
32 22 32 21 34 21 34 22
33 20 32 21 30 19 31 18
28 34 27 34 27 35 28 35
34 17 35 17 35 20 34 20
27 31 27 34 26 34 26 31
38 14 35 17 38 20 41 17
38 15 41 15 41 14 38 14
25 32 27 34 28 33 26 31
25 30 25 32 33 32 33 30
23 38 27 34 28 35 24 39
20 37 25 32 23 30 18 35
17 23 16 22 14 24 15 25
18 22 16 22 16 27 18 27
25 35 24 35 24 34 25 34
22 33 24 35 25 34 23 32
19 37 16 40 14 38 17 35
27 15 28 14 29 15 28 16
29 14 28 14 28 15 29 15
21 37 22 37 22 39 21 39
17 24 14 24 14 26 17 26
30 41 31 40 29 38 28 39
17 32 22 37 23 36 18 31
16 30 17 30 17 32 16 32
15 33 14 33 14 36 15 36
19 40 20 40 20 37 19 37
20 23 17 23 17 24 20 24
16 41 16 40 19 40 19 41
26 22 26 25 24 25 24 22
43 34 42 34 42 38 43 38
42 32 42 34 39 34 39 32
15 21 15 25 19 25 19 21
15 19 16 20 15 21 14 20
34 41 33 40 35 38 36 39
33 38 33 40 34 40 34 38
38 28 39 28 39 29 38 29
30 38 30 41 29 41 29 38
38 27 39 28 38 29 37 28
20 25 20 24 21 24 21 25
18 44 16 42 21 37 23 39
21 23 20 24 18 22 19 21
31 21 31 24 27 24 27 21
28 27 31 24 30 23 27 26
37 20 34 23 35 24 38 21
27 17 28 16 30 18 29 19
27 16 28 16 28 15 27 15
