63
18 21 15 21 15 19 18 19
16 20 15 21 14 20 15 19
19 11 20 11 20 13 19 13
25 11 20 11 20 10 25 10
16 17 16 20 14 20 14 17
16 22 16 20 26 20 26 22
13 23 15 21 16 22 14 24
23 17 18 17 18 19 23 19
17 16 18 17 17 18 16 17
19 18 18 17 20 15 21 16
12 13 12 16 8 16 8 13
26 25 26 24 24 24 24 25
15 18 8 18 8 19 15 19
7 17 8 18 9 17 8 16
7 15 7 17 9 17 9 15
11 23 11 14 10 14 10 23
16 23 16 22 13 22 13 23
23 15 19 11 20 10 24 14
9 24 14 24 14 20 9 20
21 15 21 16 23 16 23 15
13 8 13 10 8 10 8 8
14 9 13 8 12 9 13 10
20 21 18 21 18 25 20 25
19 15 20 15 20 14 19 14
21 14 20 15 19 14 20 13
15 16 14 17 15 18 16 17
15 11 15 16 17 16 17 11
16 12 17 11 16 10 15 11
16 15 17 16 19 14 18 13
13 12 16 15 15 16 12 13
12 11 13 10 14 11 13 12
13 15 16 15 16 12 13 12
13 26 13 23 11 23 11 26
15 9 15 11 14 11 14 9
17 9 16 10 15 9 16 8
15 28 13 26 16 23 18 25
13 28 20 21 18 19 11 26
17 10 17 11 19 11 19 10
16 9 17 9 17 10 16 10
15 8 16 8 16 9 15 9
24 17 24 16 23 16 23 17
28 21 24 25 20 21 24 17
28 26 28 21 23 21 23 26
24 8 19 13 20 14 25 9
24 18 23 17 24 16 25 17
19 24 19 18 24 18 24 24
21 21 23 19 26 22 24 24
20 16 21 16 21 21 20 21
27 12 25 10 21 14 23 16
27 11 25 11 25 12 27 12
19 26 18 25 19 24 20 25
14 26 14 24 19 24 19 26
18 7 19 8 17 10 16 9
14 28 14 26 13 26 13 28
4 12 8 8 11 11 7 15
4 11 11 11 11 12 4 12
25 13 25 12 24 12 24 13
19 9 20 9 20 10 19 10
21 8 25 12 24 13 20 9
21 12 21 8 24 8 24 12
28 10 26 8 25 9 27 11
18 14 19 14 19 13 18 13
28 9 28 10 25 10 25 9
