37
20 13 20 14 19 14 19 13
18 26 18 23 10 23 10 26
15 19 20 14 19 13 14 18
19 22 18 23 17 22 18 21
24 14 20 14 20 15 24 15
26 20 29 20 29 10 26 10
27 19 21 13 20 14 26 20
33 16 29 20 24 15 28 11
15 29 18 26 17 25 14 28
22 30 18 26 22 22 26 26
27 11 27 19 23 19 23 11
22 26 22 29 26 29 26 26
19 26 22 26 22 22 19 22
20 27 22 29 26 25 24 23
13 17 9 17 9 21 13 21
9 22 9 23 10 23 10 22
8 22 9 23 10 22 9 21
15 10 15 11 17 11 17 10
24 21 24 23 18 23 18 21
18 12 13 17 12 16 17 11
21 12 20 13 17 10 18 9
20 12 20 13 21 13 21 12
21 19 20 19 20 27 21 27
15 30 15 29 22 29 22 30
16 31 15 30 19 26 20 27
17 14 19 14 19 22 17 22
14 20 21 27 22 26 15 19
18 15 19 14 18 13 17 14
10 18 14 18 14 20 10 20
18 19 20 19 20 15 18 15
11 15 12 16 10 18 9 17
11 13 18 13 18 15 11 15
19 11 18 12 19 13 20 12
8 21 9 21 9 22 8 22
20 9 20 12 18 12 18 9
22 10 20 12 21 13 23 11
13 25 17 25 17 22 13 22
