70
11 25 15 21 17 23 13 27
17 21 15 21 15 18 17 18
24 34 24 33 26 33 26 34
26 20 26 21 30 21 30 20
23 34 24 33 21 30 20 31
14 30 15 30 15 33 14 33
13 32 15 30 16 31 14 33
17 38 16 38 16 36 17 36
18 40 16 38 22 32 24 34
33 19 34 19 34 18 33 18
16 13 14 13 14 12 16 12
34 16 36 16 36 15 34 15
34 14 36 16 34 18 32 16
13 13 14 13 14 14 13 14
18 17 14 13 13 14 17 18
31 37 31 38 28 38 28 37
30 39 31 38 29 36 28 37
34 41 31 38 34 35 37 38
23 36 23 34 24 34 24 36
20 24 17 21 19 19 22 22
32 13 32 12 29 12 29 13
34 10 32 12 34 14 36 12
27 10 34 10 34 14 27 14
27 26 32 21 28 17 23 22
27 32 27 34 28 34 28 32
15 17 13 17 13 15 15 15
24 37 27 34 26 33 23 36
29 25 33 29 31 31 27 27
34 29 33 29 33 30 34 30
34 28 33 29 34 30 35 29
34 27 34 28 38 28 38 27
38 24 34 28 32 26 36 22
14 18 13 17 12 18 13 19
11 26 13 26 13 25 11 25
24 32 26 32 26 31 24 31
14 16 13 17 12 16 13 15
16 29 16 31 13 31 13 29
12 27 15 30 16 29 13 26
35 38 33 38 33 37 35 37
28 30 26 32 24 30 26 28
28 31 28 30 31 30 31 31
13 18 12 18 12 19 13 19
31 35 31 31 33 31 33 35
25 25 22 28 20 26 23 23
25 26 25 25 27 25 27 26
30 32 31 31 34 34 33 35
17 28 22 28 22 27 17 27
17 29 16 29 16 28 17 28
18 31 16 29 17 28 19 30
20 30 22 28 24 30 22 32
36 30 34 30 34 31 36 31
19 31 20 31 20 30 19 30
14 37 14 33 12 33 12 37
22 38 22 37 24 37 24 38
15 23 14 24 16 26 17 25
14 23 15 23 15 21 14 21
17 24 17 23 15 23 15 24
33 24 33 22 28 22 28 24
19 34 22 37 23 36 20 33
32 23 33 22 34 23 33 24
34 21 32 21 32 23 34 23
33 20 34 19 35 20 34 21
31 23 32 23 32 26 31 26
36 19 34 19 34 21 36 21
37 19 37 17 36 17 36 19
40 20 37 17 31 23 34 26
18 32 19 32 19 31 18 31
23 21 18 21 18 17 23 17
19 20 18 21 16 19 17 18
35 33 33 31 34 30 36 32
