37
17 20 21 16 22 17 18 21
13 22 18 17 17 16 12 21
20 15 21 16 23 14 22 13
21 20 21 16 17 16 17 20
22 16 21 16 21 13 22 13
18 13 21 13 21 12 18 12
26 16 23 19 15 11 18 8
26 17 22 17 22 16 26 16
17 28 22 23 13 14 8 19
12 11 14 13 13 14 11 12
9 14 13 14 13 16 9 16
12 17 9 14 10 13 13 16
17 22 17 21 18 21 18 22
15 23 17 21 13 17 11 19
15 9 15 11 12 11 12 9
15 7 18 7 18 8 15 8
19 6 18 7 19 8 20 7
21 6 19 6 19 8 21 8
17 10 15 8 13 10 15 12
18 15 16 13 15 14 17 16
4 14 13 23 18 18 9 9
12 7 12 9 9 9 9 7
15 17 15 23 14 23 14 17
7 13 7 19 8 19 8 13
9 17 7 19 9 21 11 19
4 10 9 10 9 14 4 14
8 11 9 10 11 12 10 13
22 7 21 6 20 7 21 8
17 12 17 11 15 11 15 12
17 15 9 7 7 9 15 17
16 21 13 18 14 17 17 20
15 24 14 23 16 21 17 22
10 19 10 23 8 23 8 19
11 20 10 19 7 22 8 23
22 24 15 24 15 23 22 23
22 9 21 8 17 12 18 13
11 10 12 9 13 10 12 11
