70
30 28 31 29 26 34 25 33
31 27 31 29 33 29 33 27
30 33 34 37 38 33 34 29
36 26 34 28 33 27 35 25
26 37 34 37 34 34 26 34
15 30 17 30 17 23 15 23
37 33 33 29 34 28 38 32
37 38 37 33 38 33 38 38
13 25 15 23 24 32 22 34
30 38 30 39 27 39 27 38
39 18 39 17 31 17 31 18
15 39 19 39 19 37 15 37
20 38 19 39 18 38 19 37
26 38 20 38 20 37 26 37
41 19 39 17 35 21 37 23
40 25 39 26 34 21 35 20
34 20 34 21 35 21 35 20
30 21 34 21 34 28 30 28
24 27 20 31 26 37 30 33
33 41 39 35 37 33 31 39
34 16 34 14 33 14 33 16
17 32 14 35 15 36 18 33
25 40 27 38 26 37 24 39
37 21 35 21 35 23 37 23
25 31 35 21 34 20 24 30
23 29 24 30 22 32 21 31
21 27 23 29 26 26 24 24
20 25 23 22 29 28 26 31
23 30 24 30 24 32 23 32
16 21 20 17 21 18 17 22
12 27 15 30 20 25 17 22
20 27 20 31 21 31 21 27
22 8 31 17 24 24 15 15
24 22 23 22 23 24 24 24
41 25 37 21 35 23 39 27
20 33 17 30 20 27 23 30
40 19 41 19 41 25 40 25
20 36 20 33 18 33 18 36
13 19 16 19 16 13 13 13
25 19 16 19 16 21 25 21
26 18 22 14 21 15 25 19
26 20 26 18 31 18 31 20
32 26 26 20 25 21 31 27
20 18 21 18 21 23 20 23
25 26 25 31 26 31 26 26
22 25 23 24 25 26 24 27
37 26 36 27 30 21 31 20
37 27 37 26 36 26 36 27
19 30 19 29 23 29 23 30
13 35 19 29 21 31 15 37
38 19 39 18 34 13 33 14
14 32 14 35 13 35 13 32
33 8 33 14 22 14 22 8
38 13 33 8 26 15 31 20
11 35 15 39 18 36 14 32
38 14 34 14 34 13 38 13
18 25 20 23 22 25 20 27
29 33 30 33 30 28 29 28
29 40 25 40 25 33 29 33
40 14 40 19 38 19 38 14
46 22 34 34 26 26 38 14
24 40 26 38 22 34 20 36
20 24 20 25 22 25 22 24
19 40 19 39 24 39 24 40
13 20 13 25 18 25 18 20
19 35 18 36 19 37 20 36
34 32 34 29 33 29 33 32
32 30 34 32 31 35 29 33
35 19 38 19 38 20 35 20
32 16 35 19 34 20 31 17
