70
18 16 18 17 17 17 17 16
16 21 15 21 15 20 16 20
20 19 18 17 19 16 21 18
15 28 15 30 20 30 20 28
19 26 15 30 17 32 21 28
25 30 26 30 26 29 25 29
25 31 26 30 25 29 24 30
29 27 26 30 27 31 30 28
15 33 15 39 20 39 20 33
18 34 18 35 17 35 17 34
20 46 18 44 23 39 25 41
21 38 18 35 17 36 20 39
18 43 18 44 20 44 20 43
39 42 40 41 42 43 41 44
39 41 40 41 40 42 39 42
39 40 40 41 44 37 43 36
22 37 21 37 21 38 22 38
22 36 21 37 22 38 23 37
41 16 41 24 44 24 44 16
43 39 44 38 45 39 44 40
43 37 44 38 45 37 44 36
23 19 22 19 22 20 23 20
24 17 22 19 21 18 23 16
22 29 22 28 23 28 23 29
21 29 22 28 23 29 22 30
34 28 34 30 33 30 33 28
18 24 22 28 23 27 19 23
29 26 29 27 28 27 28 26
32 28 34 30 36 28 34 26
17 21 18 21 18 23 17 23
38 30 34 30 34 33 38 33
32 24 29 27 28 26 31 23
25 34 25 38 24 38 24 34
24 33 25 34 22 37 21 36
47 18 44 15 40 19 43 22
25 33 25 34 26 34 26 33
46 24 45 25 44 24 45 23
26 35 25 34 26 33 27 34
46 26 45 25 43 27 44 28
46 25 45 25 45 26 46 26
26 18 26 20 27 20 27 18
19 15 18 16 20 18 21 17
18 15 18 16 19 16 19 15
30 22 29 22 29 20 30 20
28 22 26 20 28 18 30 20
31 24 29 22 27 24 29 26
21 19 21 18 20 18 20 19
43 31 40 31 40 30 43 30
39 32 40 31 41 32 40 33
39 31 40 31 40 32 39 32
29 30 29 31 30 31 30 30
29 34 29 31 27 31 27 34
29 39 29 40 31 40 31 39
31 33 29 31 26 34 28 36
32 37 29 40 26 37 29 34
41 33 41 32 40 32 40 33
41 35 41 33 42 33 42 35
40 34 41 33 40 32 39 33
40 35 40 41 41 41 41 35
41 26 41 32 45 32 45 26
40 25 41 24 42 25 41 26
44 29 44 28 43 28 43 29
46 31 44 29 43 30 45 32
46 27 44 29 43 28 45 26
35 26 33 28 29 24 31 22
33 39 33 37 32 37 32 39
32 36 33 37 31 39 30 38
44 41 43 41 43 40 44 40
41 43 43 41 45 43 43 45
24 32 25 33 26 32 25 31
