70
24 22 25 23 24 24 23 23
25 24 25 23 29 23 29 24
21 18 21 16 22 16 22 18
24 23 25 23 25 22 24 22
15 10 21 16 19 18 13 12
15 28 16 29 17 28 16 27
15 29 16 29 16 28 15 28
27 12 27 13 25 13 25 12
28 13 27 13 27 14 28 14
25 11 27 13 28 12 26 10
23 26 22 26 22 25 23 25
29 12 28 12 28 13 29 13
21 27 22 26 25 29 24 30
24 25 23 25 23 24 24 24
22 24 23 25 22 26 21 25
14 23 14 22 15 22 15 23
13 23 14 22 13 21 12 22
21 15 14 22 15 23 22 16
27 22 28 21 30 23 29 24
28 22 28 21 27 21 27 22
23 16 28 21 29 20 24 15
19 23 19 18 16 18 16 23
18 19 19 18 24 23 23 24
10 24 11 23 15 27 14 28
10 23 11 23 11 24 10 24
13 19 13 17 14 17 14 19
10 22 11 23 12 22 11 21
18 11 16 13 18 15 20 13
16 16 16 13 11 13 11 16
17 13 16 13 16 10 17 10
12 17 13 17 13 12 12 12
6 24 13 17 18 22 11 29
25 25 24 26 23 25 24 24
25 26 24 26 24 25 25 25
29 15 28 14 29 13 30 14
15 12 16 13 12 17 11 16
11 27 14 24 13 23 10 26
23 19 28 14 27 13 22 18
13 24 14 24 14 23 13 23
10 27 13 24 14 25 11 28
11 22 13 24 14 23 12 21
23 11 24 10 25 11 24 12
20 12 18 12 18 11 20 11
29 29 29 27 30 27 30 29
24 11 24 10 25 10 25 11
17 31 18 30 17 29 16 30
31 25 29 27 27 25 29 23
28 17 28 16 27 16 27 17
29 17 28 16 27 17 28 18
13 10 13 12 15 12 15 10
23 12 24 12 24 11 23 11
15 8 13 10 15 12 17 10
25 21 25 20 24 20 24 21
8 16 13 21 16 18 11 13
10 21 10 22 11 22 11 21
25 19 26 18 23 15 22 16
26 21 25 20 24 21 25 22
24 19 25 20 28 17 27 16
26 22 26 21 25 21 25 22
23 30 24 30 24 26 23 26
18 21 24 21 24 22 18 22
25 31 25 29 17 29 17 31
15 26 16 26 16 27 15 27
14 21 18 21 18 19 14 19
17 27 16 26 15 27 16 28
30 20 29 20 29 23 30 23
23 14 23 13 25 13 25 14
19 25 21 25 21 24 19 24
19 27 21 25 19 23 17 25
22 14 23 13 21 11 20 12
