70
12 21 15 21 15 25 12 25
16 20 15 21 17 23 18 22
25 22 26 21 27 22 26 23
15 20 15 21 16 21 16 20
26 22 26 21 27 21 27 22
15 19 16 20 19 17 18 16
18 20 18 17 19 17 19 20
20 26 18 26 18 25 20 25
17 27 18 26 19 27 18 28
31 27 31 29 26 29 26 27
20 34 20 29 23 29 23 34
31 30 31 29 32 29 32 30
30 30 31 29 32 30 31 31
18 29 20 29 20 28 18 28
18 31 20 29 21 30 19 32
23 6 17 12 26 21 32 15
11 24 12 25 16 21 15 20
30 16 30 18 33 18 33 16
28 39 23 34 27 30 32 35
28 16 30 18 29 19 27 17
14 27 14 31 17 31 17 27
10 27 12 25 14 27 12 29
11 34 14 31 16 33 13 36
13 30 14 31 18 27 17 26
31 13 32 12 35 15 34 16
29 24 32 21 35 24 32 27
33 21 32 21 32 20 33 20
14 15 15 14 13 12 12 13
34 19 33 20 32 19 33 18
34 30 32 30 32 34 34 34
35 20 33 20 33 18 35 18
15 13 15 14 12 14 12 13
17 14 16 13 15 14 16 15
16 6 16 13 23 13 23 6
27 14 26 14 26 15 27 15
22 12 17 12 17 14 22 14
24 30 24 26 21 26 21 30
25 15 26 14 27 15 26 16
26 26 24 26 24 23 26 23
25 27 24 26 22 28 23 29
25 24 26 23 32 29 31 30
10 28 10 27 12 27 12 28
28 30 26 32 27 33 29 31
25 39 25 34 28 34 28 39
28 33 28 30 27 30 27 33
23 35 26 32 24 30 21 33
14 17 14 15 12 15 12 17
31 35 31 31 29 31 29 35
30 32 31 31 33 33 32 34
25 28 22 28 22 27 25 27
16 24 17 23 18 24 17 25
8 18 14 24 18 20 12 14
31 23 32 23 32 21 31 21
12 34 12 36 13 36 13 34
17 18 17 14 15 14 15 18
20 19 18 17 17 18 19 20
9 33 12 36 15 33 12 30
33 23 32 23 32 24 33 24
9 31 14 31 14 33 9 33
25 16 26 16 26 15 25 15
13 9 16 6 22 12 19 15
27 16 26 16 26 17 27 17
22 20 26 16 27 17 23 21
17 9 17 12 13 12 13 9
16 16 16 15 18 15 18 16
19 31 19 32 18 32 18 31
21 32 19 32 19 33 21 33
15 26 15 25 17 25 17 26
13 27 15 25 14 24 12 26
17 36 14 33 18 29 21 32
