70
32 36 32 37 30 37 30 36
39 22 38 23 36 21 37 20
33 37 32 37 32 38 33 38
39 23 38 23 38 22 39 22
40 25 38 23 36 25 38 27
26 28 26 30 23 30 23 28
20 24 26 30 25 31 19 25
14 30 15 30 15 28 14 28
12 33 15 30 17 32 14 35
18 27 18 26 19 26 19 27
32 16 36 16 36 17 32 17
17 25 18 26 17 27 16 26
17 26 18 26 18 25 17 25
35 15 36 16 37 15 36 14
14 17 14 13 13 13 13 17
20 7 14 13 19 18 25 12
20 28 20 29 19 29 19 28
18 31 20 29 19 28 17 30
34 30 34 28 36 28 36 30
23 32 20 29 29 20 32 23
33 29 34 28 35 29 34 30
37 25 36 25 36 23 37 23
34 27 36 25 32 21 30 23
14 25 12 25 12 26 14 26
14 23 12 25 14 27 16 25
38 15 37 15 37 16 38 16
37 14 37 15 36 15 36 14
23 37 23 34 19 34 19 37
14 34 12 34 12 33 14 33
11 35 12 34 15 37 14 38
19 19 19 18 18 18 18 19
21 20 19 18 18 19 20 21
23 33 23 34 25 34 25 33
22 35 23 34 26 37 25 38
18 30 17 30 17 27 18 27
22 30 22 35 20 35 20 30
28 31 28 30 27 30 27 31
10 32 12 34 16 30 14 28
29 31 28 30 27 31 28 32
16 14 13 17 12 16 15 13
31 29 32 30 31 31 30 30
33 27 31 29 27 25 29 23
31 30 31 29 32 29 32 30
15 35 15 32 16 32 16 35
33 28 34 28 34 27 33 27
12 17 16 13 19 16 15 20
17 34 15 32 14 33 16 35
28 37 25 34 28 31 31 34
18 35 18 37 17 37 17 35
17 38 18 37 16 35 15 36
39 21 36 18 35 19 38 22
30 31 31 31 31 30 30 30
13 23 14 24 18 20 17 19
36 32 34 30 32 32 34 34
32 31 31 31 31 32 32 32
28 20 28 23 29 23 29 20
29 24 28 23 26 25 27 26
32 27 32 23 30 23 30 27
34 19 35 19 35 15 34 15
12 19 13 19 13 17 12 17
31 20 32 21 34 19 33 18
14 18 13 19 14 20 15 19
31 33 32 32 31 31 30 32
24 19 28 23 31 20 27 16
19 33 19 32 17 32 17 33
21 15 18 12 16 14 19 17
26 26 26 25 19 25 19 26
16 23 16 24 14 24 14 23
17 23 16 24 17 25 18 24
18 23 17 23 17 24 18 24
