70
17 22 22 17 23 18 18 23
25 16 21 16 21 19 25 19
16 15 19 18 21 16 18 13
19 21 19 18 23 18 23 21
18 19 19 18 25 24 24 25
12 33 12 34 16 34 16 33
20 34 23 34 23 33 20 33
24 35 23 34 27 30 28 31
28 27 28 30 27 30 27 27
14 15 15 14 16 15 15 16
14 24 16 22 25 31 23 33
35 16 35 26 33 26 33 16
30 21 35 26 33 28 28 23
13 22 16 22 16 23 13 23
18 22 18 19 17 19 17 22
16 28 16 31 13 31 13 28
17 31 16 31 16 32 17 32
15 32 16 31 17 32 16 33
11 18 12 18 12 17 11 17
15 29 15 32 14 32 14 29
13 18 12 18 12 19 13 19
14 16 12 18 11 17 13 15
15 15 14 15 14 16 15 16
16 14 15 14 15 15 16 15
31 30 31 31 29 31 29 30
10 29 12 27 13 28 11 30
11 27 12 27 12 26 11 26
24 27 25 27 25 31 24 31
25 23 28 23 28 24 25 24
28 21 28 23 30 23 30 21
26 22 25 23 24 22 25 21
17 24 14 24 14 25 17 25
17 15 13 19 14 20 18 16
16 19 16 15 17 15 17 19
10 25 10 29 14 29 14 25
26 25 28 23 27 22 25 24
24 26 25 27 17 35 16 34
26 26 24 26 24 25 26 25
13 21 13 19 16 19 16 21
27 25 26 25 26 22 27 22
24 24 25 23 27 25 26 26
26 19 24 21 25 22 27 20
18 18 15 18 15 16 18 16
20 13 15 18 16 19 21 14
26 28 25 27 26 26 27 27
11 23 13 21 17 25 15 27
11 19 11 23 12 23 12 19
31 34 30 34 30 35 31 35
20 14 18 14 18 13 20 13
20 16 21 16 21 14 20 14
22 12 28 18 27 19 21 13
22 13 22 12 21 12 21 13
28 32 27 31 28 30 29 31
27 37 30 34 28 32 25 35
30 32 30 34 28 34 28 32
17 13 18 14 17 15 16 14
27 35 27 31 25 31 25 35
28 25 30 27 32 25 30 23
32 24 32 25 28 25 28 24
33 27 33 26 30 26 30 27
13 26 13 23 12 23 12 26
21 32 20 33 13 26 14 25
21 28 21 32 23 32 23 28
21 35 21 32 17 32 17 35
18 30 16 28 15 29 17 31
31 15 31 19 30 19 30 15
34 18 31 15 28 18 31 21
17 38 12 33 18 27 23 32
28 17 28 18 34 18 34 17
13 38 13 35 17 35 17 38
