49
23 22 18 17 20 15 25 20
11 10 18 17 15 20 8 13
20 23 18 23 18 25 20 25
15 23 18 23 18 20 15 20
20 9 20 14 18 14 18 9
25 14 20 14 20 15 25 15
15 9 20 14 21 13 16 8
26 11 22 11 22 9 26 9
21 12 22 11 20 9 19 10
23 10 22 11 24 13 25 12
13 16 12 16 12 14 13 14
18 18 18 20 25 20 25 18
21 17 18 20 15 17 18 14
17 21 12 16 10 18 15 23
22 24 18 20 17 21 21 25
11 13 14 10 15 11 12 14
19 22 23 22 23 10 19 10
19 24 18 23 19 22 20 23
23 26 23 25 26 25 26 26
24 22 23 22 23 24 24 24
22 25 23 25 23 24 22 24
25 27 23 25 24 24 26 26
11 12 8 12 8 13 11 13
16 21 17 21 17 8 16 8
26 12 26 14 25 14 25 12
23 28 26 25 23 22 20 25
11 20 10 20 10 18 11 18
27 10 26 11 25 10 26 9
12 13 13 14 18 9 17 8
12 22 12 24 19 24 19 22
14 8 15 9 14 10 13 9
11 8 14 8 14 10 11 10
3 15 12 24 18 18 9 9
28 18 25 15 21 19 24 22
28 15 25 15 25 18 28 18
3 11 3 15 9 15 9 11
15 28 23 28 23 26 15 26
29 14 26 11 25 12 28 15
29 21 26 21 26 14 29 14
15 18 18 18 18 17 15 17
13 20 15 18 13 16 11 18
5 20 8 17 11 20 8 23
7 16 8 17 12 13 11 12
24 17 21 17 21 13 24 13
13 25 11 25 11 20 13 20
12 26 11 25 12 24 13 25
10 14 11 13 9 11 8 12
12 9 11 8 10 9 11 10
10 23 13 20 18 25 15 28
