70
21 19 20 20 14 14 15 13
17 20 20 20 20 22 17 22
13 22 14 22 14 23 13 23
21 21 20 20 19 21 20 22
17 19 14 22 16 24 19 21
12 20 14 22 13 23 11 21
16 18 19 18 19 21 16 21
18 19 19 18 16 15 15 16
12 23 11 23 11 24 12 24
10 24 11 23 12 24 11 25
14 16 13 17 12 16 13 15
13 20 13 17 15 17 15 20
12 17 13 17 13 16 12 16
11 19 13 17 14 18 12 20
18 9 18 10 15 10 15 9
19 10 18 10 18 11 19 11
17 11 18 10 19 11 18 12
19 9 21 9 21 10 19 10
20 23 20 22 21 22 21 23
22 8 21 9 24 12 25 11
19 23 20 22 21 23 20 24
17 12 14 15 12 13 15 10
17 14 17 12 14 12 14 14
18 14 18 19 17 19 17 14
21 11 19 11 19 12 21 12
9 21 9 19 11 19 11 21
6 16 9 19 12 16 9 13
22 15 20 15 20 16 22 16
11 10 16 15 17 14 12 9
16 23 16 24 19 24 19 23
11 13 11 16 12 16 12 13
17 25 16 24 14 26 15 27
22 19 22 21 23 21 23 19
21 20 22 19 20 17 19 18
14 24 14 26 12 26 12 24
24 21 22 19 23 18 25 20
15 26 14 26 14 27 15 27
13 25 14 24 13 23 12 24
26 25 22 21 21 22 25 26
22 12 24 12 24 14 22 14
20 14 22 12 21 11 19 13
25 9 26 9 26 10 25 10
25 8 26 9 25 10 24 9
26 21 24 21 24 15 26 15
27 22 26 21 22 25 23 26
27 21 26 21 26 22 27 22
25 13 25 11 26 11 26 13
23 13 24 12 25 13 24 14
24 26 24 21 23 21 23 26
27 25 25 27 24 26 26 24
18 26 20 26 20 25 18 25
19 14 18 14 18 13 19 13
10 25 10 24 11 24 11 25
25 16 24 15 25 14 26 15
21 14 20 15 19 14 20 13
27 11 26 11 26 10 27 10
27 13 27 15 26 15 26 13
29 13 27 15 25 13 27 11
31 17 27 13 23 17 27 21
31 20 31 17 27 17 27 20
29 12 29 13 27 13 27 12
11 27 11 25 13 25 13 27
23 16 23 17 25 17 25 16
15 22 16 21 17 22 16 23
12 12 14 14 13 15 11 13
12 10 14 10 14 12 12 12
11 18 12 17 14 19 13 20
24 8 24 9 25 9 25 8
22 6 24 8 21 11 19 9
24 6 24 8 22 8 22 6
