70
23 29 16 29 16 30 23 30
15 30 16 29 12 25 11 26
12 12 17 12 17 13 12 13
20 33 16 29 19 26 23 30
17 11 17 12 19 12 19 11
23 18 17 12 15 14 21 20
6 19 12 25 17 20 11 14
30 17 30 18 28 18 28 17
32 16 30 18 28 16 30 14
34 22 30 18 24 24 28 28
17 21 16 22 23 29 24 28
21 21 17 21 17 20 21 20
14 14 11 14 11 20 14 20
15 11 15 14 14 14 14 11
15 23 15 14 18 14 18 23
17 9 18 10 17 11 16 10
13 21 15 23 16 22 14 20
20 12 19 11 17 13 18 14
11 12 13 10 14 11 12 13
13 11 13 10 10 10 10 11
24 18 25 18 25 16 24 16
26 18 25 18 25 20 26 20
24 29 24 28 23 28 23 29
26 28 24 28 24 27 26 27
26 16 28 16 28 17 26 17
12 22 10 22 10 21 12 21
26 14 28 16 26 18 24 16
17 22 18 23 16 25 15 24
13 17 13 21 12 21 12 17
26 21 25 20 27 18 28 19
24 21 26 21 26 24 24 24
26 12 26 14 29 14 29 12
23 21 24 21 24 18 23 18
29 23 18 23 18 25 29 25
19 17 20 17 20 12 19 12
16 20 17 21 20 18 19 17
23 17 20 17 20 18 23 18
25 14 26 14 26 16 25 16
19 22 18 23 23 28 24 27
15 9 17 9 17 11 15 11
14 10 15 9 16 10 15 11
22 21 23 22 19 26 18 25
22 22 23 22 23 21 22 21
32 14 28 18 26 16 30 12
32 12 32 14 30 14 30 12
28 27 23 22 24 21 29 26
9 19 12 22 13 21 10 18
30 20 28 18 26 20 28 22
30 21 26 21 26 20 30 20
24 10 24 14 23 14 23 10
22 12 24 14 26 12 24 10
22 16 23 17 21 19 20 18
16 28 12 28 12 25 16 25
11 9 10 10 12 12 13 11
12 9 11 9 11 12 12 12
15 27 16 28 22 22 21 21
7 25 10 22 15 27 12 30
28 24 28 27 26 27 26 24
22 9 23 10 21 12 20 11
26 9 22 9 22 12 26 12
27 10 26 9 22 13 23 14
30 10 29 10 29 12 30 12
21 13 22 13 22 12 21 12
21 11 22 12 21 13 20 12
30 27 28 27 28 28 30 28
11 13 12 12 14 14 13 15
10 14 11 14 11 13 10 13
8 25 12 21 15 24 11 28
11 30 12 30 12 28 11 28
8 23 8 25 12 25 12 23
