70
16 19 18 17 19 18 17 20
18 20 18 17 17 17 17 20
25 32 24 33 23 32 24 31
22 33 24 33 24 31 22 31
28 33 24 33 24 35 28 35
34 17 34 19 31 19 31 17
34 20 34 19 37 19 37 20
23 22 23 25 20 25 20 22
27 21 23 25 22 24 26 20
20 35 20 38 15 38 15 35
33 37 34 37 34 38 33 38
19 39 20 38 16 34 15 35
36 37 34 37 34 33 36 33
30 33 34 37 33 38 29 34
35 38 34 37 35 36 36 37
28 20 28 21 27 21 27 20
26 23 28 21 27 20 25 22
12 32 12 34 16 34 16 32
23 18 19 18 19 17 23 17
35 35 37 33 30 26 28 28
16 18 19 18 19 19 16 19
34 14 32 12 29 15 31 17
14 30 17 30 17 29 14 29
18 30 17 30 17 34 18 34
19 28 17 30 15 28 17 26
36 12 34 12 34 14 36 14
21 34 17 30 16 31 20 35
13 26 12 27 14 29 15 28
20 21 20 22 19 22 19 21
22 20 20 22 19 21 21 19
23 36 24 35 22 33 21 34
25 36 25 32 23 32 23 36
32 10 34 12 32 14 30 12
26 34 29 34 29 25 26 25
28 24 28 23 26 23 26 24
27 32 24 35 25 36 28 33
36 31 28 23 26 25 34 33
37 31 37 33 36 33 36 31
15 27 12 27 12 28 15 28
30 21 28 23 25 20 27 18
37 36 37 35 35 35 35 36
25 16 26 16 26 20 25 20
28 14 26 16 27 17 29 15
23 13 26 16 23 19 20 16
28 12 28 14 20 14 20 12
31 15 28 12 23 17 26 20
33 14 32 14 32 12 33 12
31 16 34 19 36 17 33 14
37 18 38 18 38 19 37 19
40 16 38 18 34 14 36 12
23 29 25 27 23 25 21 27
25 24 25 27 22 27 22 24
40 15 31 15 31 16 40 16
20 30 18 30 18 25 20 25
23 28 26 25 25 24 22 27
20 32 18 30 16 32 18 34
20 31 16 31 16 32 20 32
25 29 23 29 23 28 25 28
35 17 37 19 33 23 31 21
14 25 14 26 17 26 17 25
35 22 35 17 36 17 36 22
16 24 14 26 15 27 17 25
14 24 16 24 16 23 14 23
11 24 13 26 14 25 12 23
11 27 12 27 12 24 11 24
13 25 14 24 13 23 12 24
18 16 18 14 20 14 20 16
17 23 18 23 18 25 17 25
16 21 18 23 19 22 17 20
17 21 17 23 16 23 16 21
