70
22 35 24 33 27 36 25 38
24 28 24 33 18 33 18 28
27 34 29 32 22 25 20 27
29 25 29 32 26 32 26 25
34 27 34 28 38 28 38 27
31 34 29 32 34 27 36 29
20 35 22 35 22 34 20 34
25 35 22 35 22 38 25 38
17 30 22 35 19 38 14 33
17 25 17 30 16 30 16 25
35 32 42 32 42 37 35 37
27 35 27 34 31 34 31 35
15 16 15 14 16 14 16 16
47 37 42 32 39 35 44 40
35 31 35 26 33 26 33 31
44 26 35 26 35 25 44 25
34 25 35 26 34 27 33 26
26 24 26 23 32 23 32 24
20 20 25 25 26 24 21 19
25 24 25 25 26 25 26 24
18 15 26 23 25 24 17 16
47 41 42 41 42 37 47 37
34 38 33 38 33 44 34 44
23 29 26 32 27 31 24 28
22 32 18 28 16 30 20 34
36 35 39 35 39 29 36 29
37 42 33 38 36 35 40 39
31 36 27 36 27 37 31 37
19 24 14 24 14 23 19 23
17 40 20 40 20 35 17 35
28 43 33 38 31 36 26 41
38 36 39 35 35 31 34 32
42 13 32 23 34 25 44 15
24 17 24 19 21 19 21 17
43 21 43 32 42 32 42 21
22 15 24 17 16 25 14 23
31 29 33 31 27 37 25 35
27 29 31 29 31 26 27 26
17 33 14 33 14 35 17 35
41 34 43 32 38 27 36 29
34 17 26 25 27 26 35 18
22 27 25 27 25 25 22 25
30 22 25 27 27 29 32 24
19 42 19 41 15 41 15 42
32 17 32 23 34 23 34 17
20 22 25 27 24 28 19 23
22 41 19 41 19 38 22 38
21 43 19 41 20 40 22 42
35 19 39 19 39 18 35 18
32 34 35 37 34 38 31 35
47 31 36 20 32 24 43 35
35 23 34 23 34 25 35 25
22 14 18 14 18 15 22 15
23 31 23 29 27 29 27 31
25 17 20 22 17 19 22 14
37 15 41 19 35 25 31 21
36 15 37 15 37 20 36 20
32 25 31 26 32 27 33 26
26 19 32 25 34 23 28 17
30 25 31 26 24 33 23 32
26 17 32 23 30 25 24 19
22 31 22 32 23 32 23 31
19 34 20 35 23 32 22 31
40 48 47 41 34 28 27 35
19 27 19 34 20 34 20 27
18 26 19 27 25 21 24 20
18 27 18 26 19 26 19 27
14 27 14 28 18 28 18 27
15 29 14 28 17 25 18 26
33 21 33 26 31 26 31 21
