70
19 28 24 33 21 36 16 31
24 26 24 33 20 33 20 26
40 27 37 24 35 26 38 29
26 35 24 33 33 24 35 26
21 20 20 20 20 19 21 19
40 24 37 24 37 27 40 27
16 38 20 38 20 36 16 36
17 35 20 38 19 39 16 36
41 23 41 24 40 24 40 23
32 17 32 21 33 21 33 17
20 9 15 14 20 19 25 14
31 22 32 21 34 23 33 24
15 17 15 14 23 14 23 17
35 30 35 26 30 26 30 30
48 31 41 24 35 30 42 37
35 21 35 26 36 26 36 21
32 28 32 39 19 39 19 28
31 38 32 39 36 35 35 34
35 39 35 35 36 35 36 39
19 41 19 39 18 39 18 41
37 33 35 35 30 30 32 28
35 33 37 33 37 34 35 34
37 17 39 17 39 18 37 18
23 30 31 22 23 14 15 22
28 41 31 38 23 30 20 33
39 15 41 17 39 19 37 17
41 15 41 17 39 17 39 15
31 40 31 42 32 42 32 40
25 33 25 36 27 36 27 33
26 37 25 36 26 35 27 36
18 35 18 37 26 37 26 35
27 49 19 41 27 33 35 41
34 24 34 23 33 23 33 24
36 20 35 21 39 25 40 24
41 21 39 19 34 24 36 26
36 14 39 17 36 20 33 17
25 20 36 20 36 14 25 14
25 21 25 20 21 20 21 21
23 22 25 20 23 18 21 20
21 27 20 26 14 32 15 33
25 29 21 25 25 21 29 25
23 29 25 29 25 30 23 30
27 29 25 29 25 21 27 21
22 32 25 29 35 39 32 42
17 33 24 26 27 29 20 36
15 29 23 29 23 22 15 22
23 19 23 22 31 22 31 19
30 38 29 38 29 30 30 30
37 35 35 33 30 38 32 40
30 25 32 27 39 20 37 18
29 27 21 27 21 25 29 25
22 10 31 19 24 26 15 17
18 26 25 33 22 36 15 29
34 41 28 41 28 31 34 31
33 42 31 40 32 39 34 41
24 24 21 27 23 29 26 26
41 25 40 24 41 23 42 24
14 18 22 18 22 32 14 32
13 19 20 26 21 25 14 18
39 29 39 25 41 25 41 29
13 9 13 19 20 19 20 9
24 18 23 17 22 18 23 19
24 17 23 17 23 18 24 18
38 41 39 41 39 29 38 29
12 10 13 9 22 18 21 19
35 42 34 41 36 39 37 40
38 42 35 42 35 41 38 41
11 34 18 41 28 31 21 24
32 22 33 23 30 26 29 25
31 27 31 22 32 22 32 27
