70
22 21 18 17 17 18 21 22
13 17 18 17 18 15 13 15
21 23 18 26 19 27 22 24
15 26 18 26 18 25 15 25
21 18 22 17 20 15 19 16
19 12 17 12 17 11 19 11
22 7 17 12 20 15 25 10
15 10 17 12 15 14 13 12
12 24 12 25 15 25 15 24
12 14 11 14 11 13 12 13
13 26 17 30 19 28 15 24
9 28 12 25 13 26 10 29
9 25 12 25 12 28 9 28
10 14 11 14 11 15 10 15
16 19 11 14 12 13 17 18
27 30 28 30 28 29 27 29
18 14 15 14 15 10 18 10
19 9 18 10 19 11 20 10
13 29 13 26 10 26 10 29
21 9 19 9 19 11 21 11
13 30 17 30 17 29 13 29
24 23 26 23 26 20 24 20
28 23 26 23 26 24 28 24
23 16 22 17 28 23 29 22
25 24 26 23 25 22 24 23
22 10 21 9 20 10 21 11
22 15 22 10 23 10 23 15
18 22 23 27 26 24 21 19
24 8 22 10 28 16 30 14
30 8 24 8 24 14 30 14
19 17 18 17 18 22 19 22
22 16 22 17 19 17 19 16
23 29 23 27 22 27 22 29
12 19 13 19 13 17 12 17
15 21 13 19 10 22 12 24
15 22 15 21 10 21 10 22
21 13 19 11 13 17 15 19
16 21 15 21 15 19 16 19
10 23 12 25 15 22 13 20
12 16 13 15 12 14 11 15
28 28 24 28 24 25 28 25
26 30 24 28 25 27 27 29
29 29 28 30 27 29 28 28
25 26 25 27 26 27 26 26
24 30 26 30 26 29 24 29
20 13 20 15 21 15 21 13
22 19 22 21 21 21 21 19
27 19 22 19 22 17 27 17
31 19 28 16 27 17 30 20
31 23 28 23 28 19 31 19
14 19 17 16 15 14 12 17
14 14 15 14 15 19 14 19
29 18 26 18 26 20 29 20
16 16 17 16 17 12 16 12
18 34 23 29 18 24 13 29
24 16 26 18 27 17 25 15
19 13 18 14 16 12 17 11
29 28 29 29 28 29 28 28
16 33 13 30 18 25 21 28
30 24 26 20 27 19 31 23
8 17 10 15 12 17 10 19
12 23 16 19 19 22 15 26
20 7 20 10 22 10 22 7
22 22 25 22 25 24 22 24
20 18 22 16 21 15 19 17
24 15 23 15 23 16 24 16
18 30 20 28 19 27 17 29
28 13 28 11 21 11 21 13
14 26 12 24 10 26 12 28
17 34 17 30 18 30 18 34
