70
12 16 16 20 17 19 13 15
16 19 16 20 13 20 13 19
19 10 21 10 21 11 19 11
16 22 16 20 20 20 20 22
21 20 20 20 20 18 21 18
19 19 20 20 17 23 16 22
22 13 22 17 23 17 23 13
21 17 22 17 22 18 21 18
20 15 22 17 21 18 19 16
14 23 11 23 11 21 14 21
12 20 12 18 10 18 10 20
8 9 7 10 8 11 9 10
8 8 8 9 7 9 7 8
9 9 8 9 8 10 9 10
15 23 16 22 13 19 12 20
26 16 20 22 17 19 23 13
16 14 12 18 13 19 17 15
18 12 19 11 21 13 20 14
10 10 9 10 9 12 10 12
7 12 8 11 9 12 8 13
8 12 8 11 7 11 7 12
14 7 11 7 11 10 14 10
10 6 11 7 9 9 8 8
7 6 10 6 10 7 7 7
19 23 17 23 17 19 19 19
9 21 9 19 8 19 8 21
11 14 11 16 7 16 7 14
6 22 7 21 8 22 7 23
12 15 11 16 12 17 13 16
11 19 10 20 9 19 10 18
12 14 11 14 11 12 12 12
11 17 11 16 12 16 12 17
26 19 26 16 19 16 19 19
6 21 7 21 7 22 6 22
22 10 22 12 23 12 23 10
22 8 22 10 21 10 21 8
21 12 22 12 22 13 21 13
9 17 9 19 11 19 11 17
9 15 9 17 8 17 8 15
15 16 14 17 16 19 17 18
15 11 19 11 19 16 15 16
10 22 9 21 8 22 9 23
16 15 15 16 11 12 12 11
19 9 20 8 22 10 21 11
12 22 11 23 10 22 11 21
6 15 7 14 8 15 7 16
8 23 7 23 7 22 8 22
15 10 14 10 14 11 15 11
15 9 19 9 19 10 15 10
12 6 11 7 14 10 15 9
22 22 23 22 23 18 22 18
25 20 23 22 21 20 23 18
6 8 7 7 8 8 7 9
13 13 15 11 14 10 12 12
13 8 20 8 20 13 13 13
12 9 13 8 15 10 14 11
15 6 15 9 12 9 12 6
6 7 7 7 7 8 6 8
13 22 12 22 12 20 13 20
18 25 14 21 16 19 20 23
6 10 7 9 8 10 7 11
24 20 22 18 20 20 22 22
6 13 8 13 8 15 6 15
6 9 7 9 7 10 6 10
17 4 15 6 19 10 21 8
17 14 16 14 16 15 17 15
18 17 16 15 17 14 19 16
21 14 21 13 20 13 20 14
21 23 21 22 20 22 20 23
27 18 22 13 21 14 26 19
