70
11 21 15 21 15 25 11 25
16 21 15 21 15 20 16 20
17 20 16 20 16 19 17 19
13 23 15 21 13 19 11 21
16 22 15 21 16 20 17 21
15 19 16 20 17 19 16 18
35 31 35 33 33 33 33 31
37 31 35 33 33 31 35 29
18 29 20 29 20 25 18 25
23 26 20 29 21 30 24 27
21 18 19 18 19 19 21 19
23 21 26 21 26 26 23 26
17 22 17 21 16 21 16 22
18 19 19 18 17 16 16 17
33 19 33 20 32 20 32 19
36 17 33 20 32 19 35 16
16 23 16 22 13 22 13 23
18 20 18 19 19 19 19 20
22 16 22 19 26 19 26 16
18 22 17 21 18 20 19 21
26 15 22 19 21 18 25 14
17 12 17 14 16 14 16 12
15 16 17 14 14 11 12 13
18 15 17 14 18 13 19 14
20 11 19 11 19 14 20 14
16 8 19 11 16 14 13 11
19 10 17 12 18 13 20 11
12 26 14 24 15 25 13 27
33 29 31 31 33 33 35 31
31 11 28 14 30 16 33 13
11 27 12 27 12 26 11 26
28 15 28 14 30 14 30 15
11 11 11 16 13 16 13 11
13 34 14 33 15 34 14 35
33 16 33 13 32 13 32 16
14 27 14 24 16 24 16 27
13 18 13 19 11 19 11 18
9 18 11 16 13 18 11 20
9 16 11 16 11 18 9 18
12 31 14 33 18 29 16 27
14 31 14 33 12 33 12 31
16 29 14 31 16 33 18 31
13 20 13 19 15 19 15 20
19 31 19 32 18 32 18 31
34 22 33 22 33 29 34 29
27 15 26 16 27 17 28 16
27 16 26 16 26 15 27 15
20 32 19 32 19 34 20 34
33 30 33 31 31 31 31 30
31 33 33 31 29 27 27 29
19 22 18 21 19 20 20 21
16 35 16 33 14 33 14 35
31 25 31 24 20 24 20 25
24 10 22 12 24 14 26 12
24 12 22 12 22 14 24 14
21 9 19 11 22 14 24 12
22 9 21 9 21 12 22 12
29 26 29 27 26 27 26 26
25 10 24 10 24 12 25 12
21 22 23 20 22 19 20 21
19 23 20 24 23 21 22 20
30 18 28 16 30 14 32 16
29 19 30 18 31 19 30 20
31 18 30 18 30 16 31 16
19 24 20 24 20 23 19 23
13 29 12 29 12 27 13 27
11 29 12 29 12 31 11 31
27 22 27 29 32 29 32 22
25 27 27 29 22 34 20 32
25 23 25 27 24 27 24 23
