50
3
1 2 3
2 3 5
3 5 6
2 3 4
1 2 3
2
22 222
22 222
2 22
10
5 13 20 26 31 32 33 34 35 55
2 10 11 12 13 14 15 16 17 48
9 17 24 30 35 39 42 44 45 63
3 11 18 19 20 21 22 23 24 51
6 14 21 27 32 36 37 38 39 56
8 16 23 29 34 38 41 43 44 60
5 13 20 26 31 32 33 34 35 54
1 2 3 4 5 6 7 8 9 47
4 12 19 25 26 27 28 29 30 52
6 14 21 27 32 36 37 38 39 57
8 16 23 29 34 38 41 43 44 61
1 2 3 4 5 6 7 8 9 46
47 48 50 52 55 56 59 60 62 64
9 17 24 30 35 39 42 44 45 62
7 15 22 28 33 37 40 41 42 58
2 10 11 12 13 14 15 16 17 49
46 49 51 53 54 57 58 61 63 64
7 15 22 28 33 37 40 41 42 59
4 12 19 25 26 27 28 29 30 53
5
10 11 14 21 26
5 10 11 15 20
4 5 8 13 16
16 20 26 30 34
7 10 13 16 20
17 20 24 26 34
13 16 21 23 26
4 7 10 14 17
8 13 14 17 24
10
7 17 27 37 47 57 67 77 87 97
1 2 3 4 5 6 7 8 9 10
81 82 83 84 85 86 87 88 89 90
4 14 24 34 44 54 64 74 84 94
1 11 21 31 41 51 61 71 81 91
61 62 63 64 65 66 67 68 69 70
51 52 53 54 55 56 57 58 59 60
41 42 43 44 45 46 47 48 49 50
10 20 30 40 50 60 70 80 90 100
21 22 23 24 25 26 27 28 29 30
3 13 23 33 43 53 63 73 83 93
11 12 13 14 15 16 17 18 19 20
71 72 73 74 75 76 77 78 79 80
91 92 93 94 95 96 97 98 99 100
2 12 22 32 42 52 62 72 82 92
8 18 28 38 48 58 68 78 88 98
31 32 33 34 35 36 37 38 39 40
6 16 26 36 46 56 66 76 86 96
9 19 29 39 49 59 69 79 89 99
9
7 12 16 21 23 27 29 31 34
21 27 31 37 43 44 47 49 52
4 7 10 12 15 16 17 20 21
10 14 16 17 22 26 29 31 32
21 33 34 41 43 45 49 52 55
17 25 29 35 39 40 43 46 49
10 14 17 24 25 29 33 37 41
15 22 26 31 34 38 40 44 45
16 25 27 29 32 38 40 44 47
12 18 21 24 27 31 35 37 39
15 21 23 25 30 34 39 43 45
11 18 22 27 30 32 37 41 43
20 29 31 37 41 44 46 49 50
6 8 14 18 21 25 26 29 33
23 31 32 39 45 47 49 50 55
7 8 12 14 18 22 25 27 31
17 26 29 33 37 40 43 47 49
4
9 10 11 12
2 6 10 14
4 8 12 16
1 2 3 4
13 14 15 16
3 7 11 15
5 6 7 8
4
38 64 75 79
24 44 55 78
78 79 108 126
53 68 87 108
57 79 92 126
55 75 87 92
44 64 68 79
5
10 11 16 21 24
22 24 27 30 40
5 10 15 20 21
21 29 32 37 40
5 8 12 17 22
8 11 16 25 29
20 25 26 28 30
15 16 19 24 27
12 16 19 26 32
7
9 13 15 18 24 25 30
1 3 4 5 7 9 12
5 10 12 16 19 21 24
4 9 11 14 15 18 21
11 17 21 24 27 30 31
9 13 15 19 21 24 25
3 6 8 11 13 14 17
3 6 9 10 12 13 15
7 11 14 16 17 18 21
1 3 6 7 9 10 11
10 14 18 21 23 25 26
12 15 18 21 25 26 31
7 12 14 17 21 23 27
10
6 7 9 11 13 15 18 20 21 22
7 9 10 12 15 17 19 22 24 25
6 7 9 10 12 14 16 18 19 21
16 19 21 24 26 27 28 30 31 33
14 16 18 19 20 22 23 24 27 29
12 13 15 17 19 21 22 23 25 27
10 12 13 15 17 18 19 21 24 26
2 4 6 8 10 12 14 15 16 17
16 18 21 23 26 27 29 32 33 35
8 10 12 13 17 19 20 23 26 27
17 21 22 25 27 28 29 31 33 35
4 6 7 9 10 12 13 15 16 18
15 17 20 22 23 25 26 28 30 32
2 4 6 7 8 9 11 13 14 16
9 12 14 16 18 21 22 25 27 28
11 13 16 17 19 22 23 26 28 29
14 16 19 22 24 25 27 30 31 33
13 15 18 20 21 23 24 28 30 31
4 6 7 10 12 13 16 17 19 21
7
5 6 7 8 9 10 11
2 3 4 5 6 7 8
1 2 3 4 5 6 7
3 4 5 6 7 8 9
6 7 8 9 10 11 12
6 7 8 9 10 11 12
7 8 9 10 11 12 13
4 5 6 7 8 9 10
1 2 3 4 5 6 7
4 5 6 7 8 9 10
2 3 4 5 6 7 8
5 6 7 8 9 10 11
3 4 5 6 7 8 9
3
1 2 3
2 3 4
3 4 5
2 3 4
1 2 3
4
1 2 3 7
7 10 12 13
3 5 6 12
8 9 11 13
2 4 5 9
2 4 5 10
1 2 3 8
4
7 9 11 14
5 9 13 16
8 14 21 24
10 13 17 21
7 11 17 19
3 5 7 8
14 16 19 24
10
18 19 23 27 28 30 32 36 40 43
18 23 24 28 32 35 37 40 42 44
11 13 17 18 21 23 25 28 33 36
12 13 18 19 21 23 27 30 32 34
5 7 9 15 18 19 22 23 24 27
20 24 27 31 34 38 40 43 44 46
16 18 22 24 25 26 31 33 37 40
17 20 23 26 30 32 33 36 38 41
9 12 15 16 18 22 24 26 28 31
8 11 14 16 19 20 24 27 30 31
21 23 27 31 36 38 39 41 44 46
2 4 7 9 12 14 16 18 19 21
3 5 8 12 13 17 18 19 21 23
4 5 7 11 13 15 16 20 23 24
14 15 20 22 23 25 26 30 35 38
15 16 22 24 27 28 31 32 36 39
2 3 5 8 11 14 15 17 18 20
14 17 19 20 23 25 28 32 35 38
7 8 9 14 17 20 22 23 24 27
10
25 43 45 52 58 63 64 68 73 77
3 7 8 9 10 14 15 16 20 25
12 17 19 25 29 33 40 45 49 52
14 20 25 28 34 38 41 46 54 58
5 12 16 18 23 27 32 37 39 43
7 12 15 17 20 24 26 29 31 33
10 23 25 29 34 36 39 43 45 49
9 18 21 25 28 30 33 37 41 43
29 33 40 43 49 53 60 65 68 77
24 29 35 37 43 49 51 52 63 68
8 15 17 21 25 28 36 42 44 45
20 39 44 49 54 57 60 63 64 68
26 31 39 41 45 51 56 58 64 73
16 37 42 45 46 50 51 52 58 65
20 26 32 33 39 45 46 51 60 64
16 24 29 30 36 40 45 50 57 63
15 32 36 40 41 45 46 51 56 60
14 27 28 33 38 40 45 49 51 53
8 16 17 19 25 29 32 35 39 40
9
16 22 26 29 38 42 45 48 52
5 10 13 18 22 26 28 31 35
3 5 7 9 13 15 16 20 21
25 28 33 34 36 40 45 49 53
21 26 30 32 35 37 42 46 48
10 13 17 20 21 23 26 30 34
21 24 34 35 43 48 53 56 57
15 21 23 27 34 37 40 47 51
14 18 22 24 25 27 29 31 35
29 31 37 41 44 47 48 53 56
20 23 30 31 40 46 49 53 56
33 35 39 44 46 51 52 56 57
9 16 20 24 26 32 34 41 44
7 14 17 22 23 30 33 37 39
6 10 14 16 20 21 22 23 24
13 20 21 25 30 35 36 44 46
3 6 10 14 17 21 25 29 33
3
6 8 10
3 6 10
10 12 15
3 4 7
7 10 15
7
42 62 73 93 131 156 179
116 127 134 165 184 222 234
106 132 179 198 210 226 234
36 58 62 75 96 114 127
16 23 42 55 76 96 116
96 114 132 154 178 208 226
16 36 59 81 89 98 106
81 87 93 118 129 154 165
89 109 131 148 153 178 184
98 112 156 175 194 208 222
76 96 98 129 153 194 210
55 75 94 118 148 175 198
23 58 66 87 109 112 132
7
6 13 20 27 34 41 48
1 8 15 22 29 36 43
3 10 17 24 31 38 45
5 12 19 26 33 40 47
15 16 17 18 19 20 21
7 14 21 28 35 42 49
8 9 10 11 12 13 14
43 44 45 46 47 48 49
36 37 38 39 40 41 42
4 11 18 25 32 39 46
1 2 3 4 5 6 7
2 9 16 23 30 37 44
22 23 24 25 26 27 28
10
16 21 23 26 33 34 37 40 45 49
12 20 21 24 29 33 35 38 41 46
8 11 16 20 21 23 26 27 29 31
5 8 12 16 17 18 19 20 24 25
25 34 36 46 49 56 60 64 70 72
26 27 32 35 43 51 56 57 58 64
16 19 23 24 26 27 33 35 36 38
19 27 30 35 37 43 48 56 60 65
12 15 17 21 23 26 31 32 33 37
11 16 17 23 24 29 30 33 35 36
6 11 15 19 21 24 27 28 31 34
18 24 29 33 34 41 46 51 56 60
25 26 31 33 42 46 48 53 57 60
27 29 33 36 46 56 60 63 65 70
20 28 33 38 40 47 53 57 63 69
24 31 35 41 45 51 57 58 65 70
20 23 26 27 37 41 43 47 51 56
30 31 37 38 51 60 65 69 70 72
5 6 11 12 16 20 25 26 27 30
7
3 8 12 13 14 15 27
1 2 3 4 5 6 23
4 9 13 16 17 18 28
2 7 8 9 10 11 24
6 11 15 18 20 21 33
5 10 14 17 19 20 30
4 9 13 16 17 18 29
22 24 27 29 31 33 34
1 2 3 4 5 6 22
2 7 8 9 10 11 25
3 8 12 13 14 15 26
5 10 14 17 19 20 31
23 25 26 28 30 32 34
7
1 2 3 4 6 7 8
8 10 12 15 17 19 21
1 3 4 6 8 9 10
3 5 7 9 10 12 14
4 6 8 11 12 13 15
8 14 15 19 21 23 24
7 12 13 17 19 20 22
3 7 8 9 12 14 15
4 9 11 13 15 16 18
2 5 6 8 10 12 13
6 10 12 15 17 18 20
10 13 15 18 20 22 24
6 8 9 13 15 17 19
3
3 4 5
1 2 3
3 4 5
1 2 3
2 3 4
3
9 13 17
4 5 9
4 6 9
9 12 17
6 8 12
2
2 5
5 8
4 8
2
3 8
8 11
3 4
2
6 8
4 8
2 4
7
16 20 25 29 33 35 36
17 24 29 32 36 40 42
7 9 10 15 19 20 23
14 19 22 28 33 36 38
14 17 21 24 28 31 34
20 23 29 34 36 42 47
4 6 9 11 14 17 20
11 15 17 24 29 32 35
9 10 12 21 25 29 31
10 11 12 17 22 26 29
17 20 26 31 35 40 43
4 7 10 14 16 17 21
6 9 11 17 20 24 25
10
3 4 5 6 7 8 9 10 11 12
3 4 5 6 7 8 9 10 11 12
8 9 10 11 12 13 14 15 16 17
1 2 3 4 5 6 7 8 9 10
7 8 9 10 11 12 13 14 15 16
2 3 4 5 6 7 8 9 10 11
6 7 8 9 10 11 12 13 14 15
5 6 7 8 9 10 11 12 13 14
7 8 9 10 11 12 13 14 15 16
2 3 4 5 6 7 8 9 10 11
5 6 7 8 9 10 11 12 13 14
10 11 12 13 14 15 16 17 18 19
4 5 6 7 8 9 10 11 12 13
1 2 3 4 5 6 7 8 9 10
8 9 10 11 12 13 14 15 16 17
4 5 6 7 8 9 10 11 12 13
6 7 8 9 10 11 12 13 14 15
9 10 11 12 13 14 15 16 17 18
10 11 12 13 14 15 16 17 18 19
3
7 13 16
5 9 13
3 5 7
7 10 16
3 6 7
4
2 3 4 5
1 2 3 4
3 4 5 6
3 4 5 6
1 2 3 4
2 3 4 5
4 5 6 7
5
7 10 11 14 17
2 5 8 10 12
4 5 6 9 11
1 4 6 7 10
3 6 10 11 15
9 11 14 17 20
6 9 12 14 18
6 8 10 12 14
10 12 15 18 20
8
5 7 11 12 14 16 18 20
9 10 17 18 20 21 22 26
7 9 15 16 17 19 20 24
3 4 6 7 8 9 10 12
11 12 19 21 23 25 27 28
4 6 9 10 12 14 16 18
2 4 7 9 11 12 14 15
11 12 14 16 18 19 21 25
1 2 4 5 6 7 9 11
1 3 5 7 9 11 12 14
6 8 13 14 16 18 19 22
9 11 12 14 16 17 20 23
7 9 10 12 14 16 18 21
14 15 18 20 22 24 26 28
5 7 9 11 13 15 17 19
2
2 6
4 8
6 8
2
6 8
2 4
2 6
7
10 13 16 21 23 26 29
3 5 8 9 10 12 14
10 15 17 20 23 25 30
14 16 21 27 30 31 35
6 8 9 12 13 14 16
12 14 19 24 25 28 32
7 11 12 14 16 19 21
5 8 11 14 15 18 21
13 21 23 25 29 32 35
12 18 19 23 26 28 31
3 6 7 8 10 12 13
9 12 14 19 20 23 25
8 9 12 16 17 19 23
5
2 4 9 11 16
12 16 19 21 23
1 2 4 5 9
5 11 13 16 21
4 8 10 12 19
7 9 10 13 19
1 3 7 9 12
3 4 8 11 15
9 15 19 21 23
2
2 22
22 222
2 22
5
5 6 7 9 10
2 4 6 7 9
1 3 5 6 8
3 4 6 7 9
3 6 7 8 10
6 7 8 10 12
5 9 10 12 13
1 2 3 4 5
8 9 10 11 13
3
3 4 5
2 3 4
3 4 5
1 2 3
2 3 4
10
46 97 107 157 165 176 196 200 239 243
62 116 138 158 164 179 196 207 249 257
15 31 60 78 87 105 138 154 156 159
4 8 17 26 40 53 62 64 80 88
4 12 15 17 21 43 46 52 64 67
67 143 172 214 221 241 257 277 281 289
12 16 37 51 71 91 116 129 138 143
17 56 84 100 117 134 158 159 176 180
53 91 105 134 147 166 176 204 235 241
52 118 142 179 202 204 207 218 245 262
80 138 156 176 200 217 239 245 262 281
64 129 150 193 214 235 249 257 262 279
64 129 154 159 165 199 200 218 257 277
21 76 95 121 138 147 164 165 200 223
88 143 159 180 223 234 243 262 279 289
8 16 31 56 76 85 97 118 129 143
40 71 87 117 138 146 165 202 214 221
17 37 60 84 95 98 107 142 150 172
43 85 98 133 146 166 179 199 217 234
6
4 6 9 10 12 13
5 7 9 11 13 14
7 9 13 14 15 17
6 7 11 12 14 16
2 4 5 6 7 9
4 5 6 7 9 11
2 3 4 6 7 9
3 5 7 8 9 11
9 11 13 16 17 19
6 8 10 12 14 15
9 11 14 15 16 19
4
5 7 8 9
1 2 3 5
2 3 4 7
3 5 7 8
2 3 5 6
4 6 8 9
1 2 3 4
7
5 11 14 15 16 18 20
17 20 27 31 33 35 37
17 18 24 28 31 34 35
14 16 25 29 32 34 36
14 16 22 25 30 32 33
4 5 6 10 12 14 17
6 12 18 20 22 24 25
11 15 20 23 26 29 31
4 7 9 11 14 17 18
18 20 25 29 33 36 37
7 11 12 13 15 16 20
12 15 22 26 30 31 33
10 13 20 23 25 28 29
6
8 13 16 18 21 24
10 14 16 18 19 21
6 9 11 13 14 15
12 15 19 21 24 26
11 14 17 19 23 25
6 11 13 16 18 21
4 9 12 14 15 16
3 4 6 8 11 12
11 15 18 21 23 24
13 16 21 24 25 26
3 6 8 10 11 13
4
5 9 12 13
1 3 4 5
4 9 12 13
5 11 13 15
1 4 5 7
7 10 13 15
4 7 9 11
9
18 25 27 31 32 35 37 44 48
1 5 10 15 18 23 25 27 30
25 35 40 43 48 53 58 60 64
27 37 42 47 53 56 60 64 67
7 8 15 22 27 32 40 42 46
5 6 8 14 18 19 23 27 32
10 11 15 18 20 24 26 29 37
19 23 26 35 37 45 58 60 64
24 32 37 43 48 49 64 67 71
10 14 18 23 31 37 43 47 50
30 42 46 50 58 60 64 69 71
15 20 22 23 26 31 35 40 43
11 18 20 26 32 39 48 53 58
1 4 7 10 11 14 19 22 24
23 30 32 37 39 40 45 47 49
22 27 29 40 44 47 60 64 69
14 19 24 31 35 40 53 56 60
2
2 6
4 8
2 4
