Case #1: 3 4 6
Case #2: 6 10 12 15 19 23
Case #3: 7 9 12 13
Case #4: 2 3 7 11 13 14 18
Case #5: 3 4 5 6 7 8 9 10 11 12
Case #6: 3 4 5
Case #7: 3 4 7 8 11 14 15 16 19 20
Case #8: 5 6 7 8 9 10 11
Case #9: 6 11 15 18 20 21 32
Case #10: 49 110 147 160 183 200 213
Case #11: 4 5
Case #12: 10 17 19 21 25 29 33 34 36
Case #13: 3 4
Case #14: 3 6
Case #15: 13 16 22 24 28 32 35
Case #16: 11 15 16 22 25 27 29
Case #17: 4 8
Case #18: 5 10 18
Case #19: 2 6
Case #20: 6 11 12 13
Case #21: 3 4 5 6
Case #22: 2 4 7 8 9 12 17
Case #23: 25 37 52 60
Case #24: 1 2 4 6
Case #25: 2 4
Case #26: 11 12 15 17 19 21 22 24 26
Case #27: 3 6 8 11 12 13 14
Case #28: 10 13 16 19 20 23 24
Case #29: 2 22
Case #30: 3 7 11 15
Case #31: 2 3 4
Case #32: 4 5
Case #33: 4 9 11
Case #34: 4 9
Case #35: 2 10 11 12 13 14 15 16 17 49
Case #36: 14 24 25 27 29 34 38 44 51
Case #37: 1 2 3
Case #38: 2 3 4
Case #39: 22 222
Case #40: 13 16 23 24 30 35
Case #41: 122 144 169 193 214 233 246 266 286 293
Case #42: 11 14 16 18 20 22 25 26 29 31
Case #43: 3 10 17 24 31 38 45
Case #44: 2 4 5 7
Case #45: 1 3 5 6
Case #46: 6 9 12 13 15 18 20
Case #47: 2 4 6
Case #48: 2 4 5
Case #49: 6 8
Case #50: 41 42 43 44 45 46 47 48 49 50
